-17.32570000   0.00000000  -0.00000000   0.00000000  -0.00000000 
-17.30870000   0.00000000  -0.00000000   0.00000000  -0.00000000 
-17.29270000   0.00000000  -0.00000000   0.00000000  -0.00000000 
-17.27570000   0.00000000  -0.00000000   0.00000000  -0.00000000 
-17.25870000   0.00000000  -0.00000000   0.00000000  -0.00000000 
-17.24270000   0.00000000  -0.00000000   0.00000000  -0.00000000 
-17.22570000   0.00000000  -0.00000000   0.00000000  -0.00000000 
-17.20870000   0.00000000  -0.00000000   0.00000000  -0.00000000 
-17.19270000   0.00000000  -0.00000000   0.00000000  -0.00000000 
-17.17570000   0.00000000  -0.00000000   0.00000000  -0.00000000 
-17.15870000   0.00000000  -0.00000000   0.00000000  -0.00000000 
-17.14270000   0.00000000  -0.00000000   0.00000000  -0.00000000 
-17.12570000   0.00000000  -0.00000000   0.00000000  -0.00000000 
-17.10870000   0.00000000  -0.00000000   0.00000000  -0.00000000 
-17.09270000   0.00000000  -0.00000000   0.00000000  -0.00000000 
-17.07570000   0.00000000  -0.00000000   0.00000000  -0.00000000 
-17.05870000   0.00000000  -0.00000000   0.00000000  -0.00000000 
-17.04270000   0.00000000  -0.00000000   0.00000000  -0.00000000 
-17.02570000   0.00000000  -0.00000000   0.00000000  -0.00000000 
-17.00870000   0.00000000  -0.00000000   0.00000000  -0.00000000 
-16.99270000   0.00000000  -0.00000000   0.00000000  -0.00000000 
-16.97570000   0.00000000  -0.00000000   0.00000000  -0.00000000 
-16.95870000   0.00000000  -0.00000000   0.00000000  -0.00000000 
-16.94270000   0.00000000  -0.00000000   0.00000000  -0.00000000 
-16.92570000   0.00000000  -0.00000000   0.00000000  -0.00000000 
-16.90870000   0.00000000  -0.00000000   0.00000000  -0.00000000 
-16.89270000   0.00000000  -0.00000000   0.00000000  -0.00000000 
-16.87570000   0.00000000  -0.00000000   0.00000000  -0.00000000 
-16.85870000   0.00000000  -0.00000000   0.00000000  -0.00000000 
-16.84270000   0.00000000  -0.00000000   0.00000000  -0.00000000 
-16.82570000   0.00000000  -0.00000000   0.00000000  -0.00000000 
-16.80870000   0.00000000  -0.00000000   0.00000000  -0.00000000 
-16.79270000   0.00000000  -0.00000000   0.00000000  -0.00000000 
-16.77570000   0.00000000  -0.00000000   0.00000000  -0.00000000 
-16.75870000   0.00000000  -0.00000000   0.00000000  -0.00000000 
-16.74270000   0.00000000  -0.00000000   0.00000000  -0.00000000 
-16.72570000   0.00000000  -0.00000000   0.00000000  -0.00000000 
-16.70870000   0.00000000  -0.00000000   0.00000000  -0.00000000 
-16.69270000   0.00000000  -0.00000000   0.00000000  -0.00000000 
-16.67570000   0.00000000  -0.00000000   0.00000000  -0.00000000 
-16.65870000   0.00000000  -0.00000000   0.00000000  -0.00000000 
-16.64270000   0.00000000  -0.00000000   0.00000000  -0.00000000 
-16.62570000   0.00000000  -0.00000000   0.00000000  -0.00000000 
-16.60870000   0.00000000  -0.00000000   0.00000000  -0.00000000 
-16.59270000   0.00000000  -0.00000000   0.00000000  -0.00000000 
-16.57570000   0.00000000  -0.00000000   0.00000000  -0.00000000 
-16.55870000   0.00000000  -0.00000000   0.00000000  -0.00000000 
-16.54270000   0.00000000  -0.00000000   0.00000000  -0.00000000 
-16.52570000   0.00000000  -0.00000000   0.00000000  -0.00000000 
-16.50870000   0.00000000  -0.00000000   0.00000000  -0.00000000 
-16.49270000   0.00000000  -0.00000000   0.00000000  -0.00000000 
-16.47570000   0.00000000  -0.00000000   0.00000000  -0.00000000 
-16.45870000   0.00000000  -0.00000000   0.00000000  -0.00000000 
-16.44270000   0.00000000  -0.00000000   0.00000000  -0.00000000 
-16.42570000   0.00000000  -0.00000000   0.00000000  -0.00000000 
-16.40870000   0.00000000  -0.00000000   0.00000000  -0.00000000 
-16.39270000   0.00000000  -0.00000000   0.00000000  -0.00000000 
-16.37570000   0.00000000  -0.00000000   0.00000000  -0.00000000 
-16.35870000   0.00000000  -0.00000000   0.00000000  -0.00000000 
-16.34270000   0.00000000  -0.00000000   0.00000000  -0.00000000 
-16.32570000   0.00000000  -0.00000000   0.00000000  -0.00000000 
-16.30870000   0.00000000  -0.00000000   0.00000000  -0.00000000 
-16.29270000   0.00000000  -0.00000000   0.00000000  -0.00000000 
-16.27570000   0.00000000  -0.00000000   0.00000000  -0.00000000 
-16.25870000   0.00000000  -0.00000000   0.00000000  -0.00000000 
-16.24270000   0.00000000  -0.00000000   0.00000000  -0.00000000 
-16.22570000   0.00000000  -0.00000000   0.00000000  -0.00000000 
-16.20870000   0.00000000  -0.00000000   0.00000000  -0.00000000 
-16.19270000   0.00000000  -0.00000000   0.00000000  -0.00000000 
-16.17570000   0.00000000  -0.00000000   0.00000000  -0.00000000 
-16.15870000   0.00000000  -0.00000000   0.00000000  -0.00000000 
-16.14270000   0.00000000  -0.00000000   0.00000000  -0.00000000 
-16.12570000   0.00000000  -0.00000000   0.00000000  -0.00000000 
-16.10870000   0.00000000  -0.00000000   0.00000000  -0.00000000 
-16.09270000   0.00000000  -0.00000000   0.00000000  -0.00000000 
-16.07570000   0.00000000  -0.00000000   0.00000000  -0.00000000 
-16.05870000   0.00000000  -0.00000000   0.00000000  -0.00000000 
-16.04270000   0.00000000  -0.00000000   0.00000000  -0.00000000 
-16.02570000   0.00000000  -0.00000000   0.00000000  -0.00000000 
-16.00870000   0.00000000  -0.00000000   0.00000000  -0.00000000 
-15.99270000   0.00000000  -0.00000000   0.00000000  -0.00000000 
-15.97570000   0.00000000  -0.00000000   0.00000000  -0.00000000 
-15.95870000   0.00000000  -0.00000000   0.00000000  -0.00000000 
-15.94270000   0.00000000  -0.00000000   0.00000000  -0.00000000 
-15.92570000   0.00000000  -0.00000000   0.00000000  -0.00000000 
-15.90870000   0.00000000  -0.00000000   0.00000000  -0.00000000 
-15.89270000   0.00000000  -0.00000000   0.00000000  -0.00000000 
-15.87570000   0.00000000  -0.00000000   0.00000000  -0.00000000 
-15.85870000   0.00000000  -0.00000000   0.00000000  -0.00000000 
-15.84270000   0.00000000  -0.00000000   0.00000000  -0.00000000 
-15.82570000   0.00000000  -0.00000000   0.00000000  -0.00000000 
-15.80870000   0.00000000  -0.00000000   0.00000000  -0.00000000 
-15.79270000   0.00000000  -0.00000000   0.00000000  -0.00000000 
-15.77570000   0.00000000  -0.00000000   0.00000000  -0.00000000 
-15.75870000   0.00000000  -0.00000000   0.00000000  -0.00000000 
-15.74270000   0.00000000  -0.00000000   0.00000000  -0.00000000 
-15.72570000   0.00000000  -0.00000000   0.00000000  -0.00000000 
-15.70870000   0.00000000  -0.00000000   0.00000000  -0.00000000 
-15.69270000   0.00000000  -0.00000000   0.00000000  -0.00000000 
-15.67570000   0.00000000  -0.00000000   0.00000000  -0.00000000 
-15.65870000   0.00000000  -0.00000000   0.00000000  -0.00000000 
-15.64270000   0.00000000  -0.00000000   0.00000000  -0.00000000 
-15.62570000   0.00000000  -0.00000000   0.00000000  -0.00000000 
-15.60870000   0.00000000  -0.00000000   0.00000000  -0.00000000 
-15.59270000   0.00000000  -0.00000000   0.00000000  -0.00000000 
-15.57570000   0.00000000  -0.00000000   0.00000000  -0.00000000 
-15.55870000   0.00000000  -0.00000000   0.00000000  -0.00000000 
-15.54270000   0.00000000  -0.00000000   0.00000000  -0.00000000 
-15.52570000   0.00000000  -0.00000000   0.00000000  -0.00000000 
-15.50870000   0.00000000  -0.00000000   0.00000000  -0.00000000 
-15.49270000   0.00000000  -0.00000000   0.00000000  -0.00000000 
-15.47570000   0.00000000  -0.00000000   0.00000000  -0.00000000 
-15.45870000   0.00000000  -0.00000000   0.00000000  -0.00000000 
-15.44270000   0.00000000  -0.00000000   0.00000000  -0.00000000 
-15.42570000   0.00000000  -0.00000000   0.00000000  -0.00000000 
-15.40870000   0.00000000  -0.00000000   0.00000000  -0.00000000 
-15.39270000   0.00000000  -0.00000000   0.00000000  -0.00000000 
-15.37570000   0.00000000  -0.00000000   0.00000000  -0.00000000 
-15.35870000   0.00000000  -0.00000000   0.00000000  -0.00000000 
-15.34270000   0.00000000  -0.00000000   0.00000000  -0.00000000 
-15.32570000   0.00000000  -0.00000000   0.00000000  -0.00000000 
-15.30870000   0.00000000  -0.00000000   0.00000000  -0.00000000 
-15.29270000   0.00000000  -0.00000000   0.00000000  -0.00000000 
-15.27570000   0.00000000  -0.00000000   0.00000000  -0.00000000 
-15.25870000   0.00000000  -0.00000000   0.00000000  -0.00000000 
-15.24270000   0.00000000  -0.00000000   0.00000000  -0.00000000 
-15.22570000   0.00000000  -0.00000000   0.00000000  -0.00000000 
-15.20870000   0.00000000  -0.00000000   0.00000000  -0.00000000 
-15.19270000   0.00000000  -0.00000000   0.00000000  -0.00000000 
-15.17570000   0.00000000  -0.00000000   0.00000000  -0.00000000 
-15.15870000   0.00000000  -0.00000000   0.00000000  -0.00000000 
-15.14270000   0.00000000  -0.00000000   0.00000000  -0.00000000 
-15.12570000   0.00000000  -0.00000000   0.00000000  -0.00000000 
-15.10870000   0.00000000  -0.00000000   0.00000000  -0.00000000 
-15.09270000   0.00000000  -0.00000000   0.00000000  -0.00000000 
-15.07570000   0.00000000  -0.00000000   0.00000000  -0.00000000 
-15.05870000   0.00000000  -0.00000000   0.00000000  -0.00000000 
-15.04270000   0.00000000  -0.00000000   0.00000000  -0.00000000 
-15.02570000   0.00000000  -0.00000000   0.00000000  -0.00000000 
-15.00870000   0.00000000  -0.00000000   0.00000000  -0.00000000 
-14.99270000   0.00000000  -0.00000000   0.00000000  -0.00000000 
-14.97570000   0.00000000  -0.00000000   0.00000000  -0.00000000 
-14.95870000   0.00000000  -0.00000000   0.00000000  -0.00000000 
-14.94270000   0.00000000  -0.00000000   0.00000000  -0.00000000 
-14.92570000   0.00000000  -0.00000000   0.00000000  -0.00000000 
-14.90870000   0.00000000  -0.00000000   0.00000000  -0.00000000 
-14.89270000   0.00000000  -0.00000000   0.00000000  -0.00000000 
-14.87570000   0.00000000  -0.00000000   0.00000000  -0.00000000 
-14.85870000   0.00000000  -0.00000000   0.00000000  -0.00000000 
-14.84270000   0.00000000  -0.00000000   0.00000000  -0.00000000 
-14.82570000   0.00000000  -0.00000000   0.00000000  -0.00000000 
-14.80870000   0.00000000  -0.00000000   0.00000000  -0.00000000 
-14.79270000   0.00000000  -0.00000000   0.00000000  -0.00000000 
-14.77570000   0.00000000  -0.00000000   0.00000000  -0.00000000 
-14.75870000   0.00000000  -0.00000000   0.00000000  -0.00000000 
-14.74270000   0.00000000  -0.00000000   0.00000000  -0.00000000 
-14.72570000   0.00000000  -0.00000000   0.00000000  -0.00000000 
-14.70870000   0.00000000  -0.00000000   0.00000000  -0.00000000 
-14.69270000   0.00000000  -0.00000000   0.00000000  -0.00000000 
-14.67570000   0.00000000  -0.00000000   0.00000000  -0.00000000 
-14.65870000   0.00000000  -0.00000000   0.00000000  -0.00000000 
-14.64270000   0.00000000  -0.00000000   0.00000000  -0.00000000 
-14.62570000   0.00000000  -0.00000000   0.00000000  -0.00000000 
-14.60870000   0.00000000  -0.00000000   0.00000000  -0.00000000 
-14.59270000   0.00000000  -0.00000000   0.00000000  -0.00000000 
-14.57570000   0.00000000  -0.00000000   0.00000000  -0.00000000 
-14.55870000   0.00000000  -0.00000000   0.00000000  -0.00000000 
-14.54270000   0.00000000  -0.00000000   0.00000000  -0.00000000 
-14.52570000   0.00000000  -0.00000000   0.00000000  -0.00000000 
-14.50870000   0.00000000  -0.00000000   0.00000000  -0.00000000 
-14.49270000   0.00000000  -0.00000000   0.00000000  -0.00000000 
-14.47570000   0.00000000  -0.00000000   0.00000000  -0.00000000 
-14.45870000   0.00000000  -0.00000000   0.00000000  -0.00000000 
-14.44270000   0.00000000  -0.00000000   0.00000000  -0.00000000 
-14.42570000   0.00000000  -0.00000000   0.00000000  -0.00000000 
-14.40870000   0.00000000  -0.00000000   0.00000000  -0.00000000 
-14.39270000   0.00000000  -0.00000000   0.00000000  -0.00000000 
-14.37570000   0.00000000  -0.00000000   0.00000000  -0.00000000 
-14.35870000   0.00000000  -0.00000000   0.00000000  -0.00000000 
-14.34270000   0.00000000  -0.00000000   0.00000000  -0.00000000 
-14.32570000   0.00000000  -0.00000000   0.00000000  -0.00000000 
-14.30870000   0.00000000  -0.00000000   0.00000000  -0.00000000 
-14.29270000   0.00000000  -0.00000000   0.00000000  -0.00000000 
-14.27570000   0.00000000  -0.00000000   0.00000000  -0.00000000 
-14.25870000   0.00000000  -0.00000000   0.00000000  -0.00000000 
-14.24270000   0.00000000  -0.00000000   0.00000000  -0.00000000 
-14.22570000   0.00000000  -0.00000000   0.00000000  -0.00000000 
-14.20870000   0.00000000  -0.00000000   0.00000000  -0.00000000 
-14.19270000   0.00000000  -0.00000000   0.00000000  -0.00000000 
-14.17570000   0.00000000  -0.00000000   0.00000000  -0.00000000 
-14.15870000   0.00000000  -0.00000000   0.00000000  -0.00000000 
-14.14270000   0.00000000  -0.00000000   0.00000000  -0.00000000 
-14.12570000   0.00000000  -0.00000000   0.00000000  -0.00000000 
-14.10870000   0.00000000  -0.00000000   0.00000000  -0.00000000 
-14.09270000   0.00000000  -0.00000000   0.00000000  -0.00000000 
-14.07570000   0.00000000  -0.00000000   0.00000000  -0.00000000 
-14.05870000   0.00000000  -0.00000000   0.00000000  -0.00000000 
-14.04270000   0.00000000  -0.00000000   0.00000000  -0.00000000 
-14.02570000   0.00000000  -0.00000000   0.00000000  -0.00000000 
-14.00870000   0.00000000  -0.00000000   0.00000000  -0.00000000 
-13.99270000   0.00000000  -0.00000000   0.00000000  -0.00000000 
-13.97570000   0.00000000  -0.00000000   0.00000000  -0.00000000 
-13.95870000   0.00000000  -0.00000000   0.00000000  -0.00000000 
-13.94270000   0.00000000  -0.00000000   0.00000000  -0.00000000 
-13.92570000   0.00000000  -0.00000000   0.00000000  -0.00000000 
-13.90870000   0.00000000  -0.00000000   0.00000000  -0.00000000 
-13.89270000   0.00000000  -0.00000000   0.00000000  -0.00000000 
-13.87570000   0.00000000  -0.00000000   0.00000000  -0.00000000 
-13.85870000   0.00000000  -0.00000000   0.00000000  -0.00000000 
-13.84270000   0.00000000  -0.00000000   0.00000000  -0.00000000 
-13.82570000   0.00000000  -0.00000000   0.00000000  -0.00000000 
-13.80870000   0.00000000  -0.00000000   0.00000000  -0.00000000 
-13.79270000   0.00000000  -0.00000000   0.00000000  -0.00000000 
-13.77570000   0.00000000  -0.00000000   0.00000000  -0.00000000 
-13.75870000   0.00000000  -0.00000000   0.00000000  -0.00000000 
-13.74270000   0.00000000  -0.00000000   0.00000000  -0.00000000 
-13.72570000   0.00000000  -0.00000000   0.00000000  -0.00000000 
-13.70870000   0.00000000  -0.00000000   0.00000000  -0.00000000 
-13.69270000   0.00000000  -0.00000000   0.00000000  -0.00000000 
-13.67570000   0.00000000  -0.00000000   0.00000000  -0.00000000 
-13.65870000   0.00000000  -0.00000000   0.00000000  -0.00000000 
-13.64270000   0.00000000  -0.00000000   0.00000000  -0.00000000 
-13.62570000   0.00000000  -0.00000000   0.00000000  -0.00000000 
-13.60870000   0.00000000  -0.00000000   0.00000000  -0.00000000 
-13.59270000   0.00000000  -0.00000000   0.00000000  -0.00000000 
-13.57570000   0.00000000  -0.00000000   0.00000000  -0.00000000 
-13.55870000   0.00000000  -0.00000000   0.00000000  -0.00000000 
-13.54270000   0.00000000  -0.00000000   0.00000000  -0.00000000 
-13.52570000   0.00000000  -0.00000000   0.00000000  -0.00000000 
-13.50870000   0.00000000  -0.00000000   0.00000000  -0.00000000 
-13.49270000   0.00000000  -0.00000000   0.00000000  -0.00000000 
-13.47570000   0.00000000  -0.00000000   0.00000000  -0.00000000 
-13.45870000   0.00000000  -0.00000000   0.00000000  -0.00000000 
-13.44270000   0.00000000  -0.00000000   0.00000000  -0.00000000 
-13.42570000   0.00000000  -0.00000000   0.00000000  -0.00000000 
-13.40870000   0.00000000  -0.00000000   0.00000000  -0.00000000 
-13.39270000   0.00000000  -0.00000000   0.00000000  -0.00000000 
-13.37570000   0.00000000  -0.00000000   0.00000000  -0.00000000 
-13.35870000   0.00000000  -0.00000000   0.00000000  -0.00000000 
-13.34270000   0.00000000  -0.00000000   0.00000000  -0.00000000 
-13.32570000   0.00000000  -0.00000000   0.00000000  -0.00000000 
-13.30870000   0.00000000  -0.00000000   0.00000000  -0.00000000 
-13.29270000   0.00000000  -0.00000000   0.00000000  -0.00000000 
-13.27570000   0.00000000  -0.00000000   0.00000000  -0.00000000 
-13.25870000   0.00000000  -0.00000000   0.00000000  -0.00000000 
-13.24270000   0.00000000  -0.00000000   0.00000000  -0.00000000 
-13.22570000   0.00000000  -0.00000000   0.00000000  -0.00000000 
-13.20870000   0.00000000  -0.00000000   0.00000000  -0.00000000 
-13.19270000   0.00000000  -0.00000000   0.00000000  -0.00000000 
-13.17570000   0.00000000  -0.00000000   0.00000000  -0.00000000 
-13.15870000   0.00000000  -0.00000000   0.00000000  -0.00000000 
-13.14270000   0.00000000  -0.00000000   0.00000000  -0.00000000 
-13.12570000   0.00000000  -0.00000000   0.00000000  -0.00000000 
-13.10870000   0.00000000  -0.00000000   0.00000000  -0.00000000 
-13.09270000   0.00000000  -0.00000000   0.00000000  -0.00000000 
-13.07570000   0.00000000  -0.00000000   0.00000000  -0.00000000 
-13.05870000   0.00000000  -0.00000000   0.00000000  -0.00000000 
-13.04270000   0.00000000  -0.00000000   0.00000000  -0.00000000 
-13.02570000   0.00000000  -0.00000000   0.00000000  -0.00000000 
-13.00870000   0.00000000  -0.00000000   0.00000000  -0.00000000 
-12.99270000   0.00000000  -0.00000000   0.00000000  -0.00000000 
-12.97570000   0.00000000  -0.00000000   0.00000000  -0.00000000 
-12.95870000   0.00000000  -0.00000000   0.00000000  -0.00000000 
-12.94270000   0.00000000  -0.00000000   0.00000000  -0.00000000 
-12.92570000   0.00000000  -0.00000000   0.00000000  -0.00000000 
-12.90870000   0.00000000  -0.00000000   0.00000000  -0.00000000 
-12.89270000   0.00000000  -0.00000000   0.00000000  -0.00000000 
-12.87570000   0.00000000  -0.00000000   0.00000000  -0.00000000 
-12.85870000   0.00000000  -0.00000000   0.00000000  -0.00000000 
-12.84270000   0.00000000  -0.00000000   0.00000000  -0.00000000 
-12.82570000   0.00000000  -0.00000000   0.00000000  -0.00000000 
-12.80870000   0.00000000  -0.00000000   0.00000000  -0.00000000 
-12.79270000   0.00000000  -0.00000000   0.00000000  -0.00000000 
-12.77570000   0.00000000  -0.00000000   0.00000000  -0.00000000 
-12.75870000   0.00000000  -0.00000000   0.00000000  -0.00000000 
-12.74270000   0.00000000  -0.00000000   0.00000000  -0.00000000 
-12.72570000   0.00000000  -0.00000000   0.00000000  -0.00000000 
-12.70870000   0.00000000  -0.00000000   0.00000000  -0.00000000 
-12.69270000   0.00000000  -0.00000000   0.00000000  -0.00000000 
-12.67570000   0.00000000  -0.00000000   0.00000000  -0.00000000 
-12.65870000   0.00000000  -0.00000000   0.00000000  -0.00000000 
-12.64270000   0.00000000  -0.00000000   0.00000000  -0.00000000 
-12.62570000   0.00000000  -0.00000000   0.00000000  -0.00000000 
-12.60870000   0.00000000  -0.00000000   0.00000000  -0.00000000 
-12.59270000   0.00000000  -0.00000000   0.00000000  -0.00000000 
-12.57570000   0.00000000  -0.00000000   0.00000000  -0.00000000 
-12.55870000   0.00000000  -0.00000000   0.00000000  -0.00000000 
-12.54270000   0.00000000  -0.00000000   0.00000000  -0.00000000 
-12.52570000   0.00000000  -0.00000000   0.00000000  -0.00000000 
-12.50870000   0.00000000  -0.00000000   0.00000000  -0.00000000 
-12.49270000   0.00000000  -0.00000000   0.00000000  -0.00000000 
-12.47570000   0.00000000  -0.00000000   0.00000000  -0.00000000 
-12.45870000   0.00000000  -0.00000000   0.00000000  -0.00000000 
-12.44270000   0.00000000  -0.00000000   0.00000000  -0.00000000 
-12.42570000   0.00000000  -0.00000000   0.00000000  -0.00000000 
-12.40870000   0.00000000  -0.00000000   0.00000000  -0.00000000 
-12.39270000   0.00000000  -0.00000000   0.00000000  -0.00000000 
-12.37570000   0.00000000  -0.00000000   0.00000000  -0.00000000 
-12.35870000   0.00000000  -0.00000000   0.00000000  -0.00000000 
-12.34270000   0.00000000  -0.00000000   0.00000000  -0.00000000 
-12.32570000   0.00000000  -0.00000000   0.00000000  -0.00000000 
-12.30870000   0.00000000  -0.00000000   0.00000000  -0.00000000 
-12.29270000   0.00000000  -0.00000000   0.00000000  -0.00000000 
-12.27570000   0.00000000  -0.00000000   0.00000000  -0.00000000 
-12.25870000   0.00000000  -0.00000000   0.00000000  -0.00000000 
-12.24270000   0.00000000  -0.00000000   0.00000000  -0.00000000 
-12.22570000   0.00000000  -0.00000000   0.00000000  -0.00000000 
-12.20870000   0.00000000  -0.00000000   0.00000000  -0.00000000 
-12.19270000   0.00000000  -0.00000000   0.00000000  -0.00000000 
-12.17570000   0.00000000  -0.00000000   0.00000000  -0.00000000 
-12.15870000   0.00000000  -0.00000000   0.00000000  -0.00000000 
-12.14270000   0.00000000  -0.00000000   0.00000000  -0.00000000 
-12.12570000   0.00000000  -0.00000000   0.00000000  -0.00000000 
-12.10870000   0.00000000  -0.00000000   0.00000000  -0.00000000 
-12.09270000   0.00000000  -0.00000000   0.00000000  -0.00000000 
-12.07570000   0.00000000  -0.00000000   0.00000000  -0.00000000 
-12.05870000   0.00000000  -0.00000000   0.00000000  -0.00000000 
-12.04270000   0.00000000  -0.00000000   0.00000000  -0.00000000 
-12.02570000   0.00000000  -0.00011000   0.00000000  -0.00000004 
-12.00870000   0.00000000  -0.03670000   0.00000000  -0.00021570 
-11.99270000   0.00916200  -0.13890000   0.00002751  -0.00158800 
-11.97570000   0.07444000  -0.30660000   0.00063700  -0.00520900 
-11.95870000   0.20240000  -0.50570000   0.00285700  -0.01202000 
-11.94270000   0.38980000  -0.64860000   0.00772700  -0.02173000 
-11.92570000   0.56470000  -0.72630000   0.01577000  -0.03328000 
-11.90870000   0.67730000  -0.74600000   0.02620000  -0.04560000 
-11.89270000   0.72720000  -0.76800000   0.03799000  -0.05818000 
-11.87570000   0.73910000  -0.81250000   0.05021000  -0.07132000 
-11.85870000   0.76790000  -0.87950000   0.06274000  -0.08539000 
-11.84270000   0.81840000  -0.95810000   0.07593000  -0.10070000 
-11.82570000   0.88900000  -1.03900000   0.09013000  -0.11730000 
-11.80870000   0.96570000  -1.12000000   0.10560000  -0.13530000 
-11.79270000   1.04500000  -1.19300000   0.12230000  -0.15460000 
-11.77570000   1.12200000  -1.24400000   0.14040000  -0.17500000 
-11.75870000   1.18900000  -1.27100000   0.15970000  -0.19600000 
-11.74270000   1.23400000  -1.28500000   0.17990000  -0.21730000 
-11.72570000   1.25700000  -1.30400000   0.20070000  -0.23880000 
-11.70870000   1.27200000  -1.33600000   0.22180000  -0.26080000 
-11.69270000   1.29300000  -1.37700000   0.24310000  -0.28340000 
-11.67570000   1.32500000  -1.42100000   0.26490000  -0.30680000 
-11.65870000   1.36500000  -1.46400000   0.28730000  -0.33080000 
-11.64270000   1.40800000  -1.50700000   0.31040000  -0.35560000 
-11.62570000   1.44900000  -1.54900000   0.33430000  -0.38100000 
-11.60870000   1.49000000  -1.59000000   0.35870000  -0.40720000 
-11.59270000   1.53100000  -1.63200000   0.38390000  -0.43400000 
-11.57570000   1.57100000  -1.67500000   0.40980000  -0.46160000 
-11.55870000   1.61200000  -1.81400000   0.43630000  -0.49060000 
-11.54270000   1.65400000  -1.95700000   0.46350000  -0.52200000 
-11.52570000   1.78200000  -2.14000000   0.49200000  -0.55590000 
-11.50870000   1.92300000  -2.29100000   0.52290000  -0.59320000 
-11.49270000   2.12000000  -2.36200000   0.55640000  -0.63200000 
-11.47570000   2.28100000  -2.37900000   0.59340000  -0.67170000 
-11.45870000   2.34600000  -2.28800000   0.63190000  -0.71050000 
-11.44270000   2.34300000  -2.23600000   0.67130000  -0.74820000 
-11.42570000   2.24600000  -2.19500000   0.70950000  -0.78510000 
-11.40870000   2.19600000  -2.20200000   0.74650000  -0.82170000 
-11.39270000   2.16000000  -2.20800000   0.78270000  -0.85840000 
-11.37570000   2.16700000  -2.21100000   0.81880000  -0.89530000 
-11.35870000   2.17300000  -2.20900000   0.85490000  -0.93210000 
-11.34270000   2.17600000  -2.18200000   0.89120000  -0.96880000 
-11.32570000   2.17700000  -2.16000000   0.92740000  -1.00500000 
-11.30870000   2.15800000  -2.13800000   0.96360000  -1.04100000 
-11.29270000   2.13200000  -2.14400000   0.99930000  -1.07600000 
-11.27570000   2.11100000  -2.17400000   1.03500000  -1.11200000 
-11.25870000   2.10300000  -2.23000000   1.07000000  -1.14900000 
-11.24270000   2.13000000  -2.29000000   1.10500000  -1.18700000 
-11.22570000   2.17500000  -2.43600000   1.14100000  -1.22600000 
-11.20870000   2.22800000  -2.59000000   1.17800000  -1.26800000 
-11.19270000   2.30700000  -2.71900000   1.21500000  -1.31200000 
-11.17570000   2.46900000  -2.69900000   1.25500000  -1.35800000 
-11.15870000   2.60900000  -2.65300000   1.29700000  -1.40200000 
-11.14270000   2.72000000  -2.65800000   1.34200000  -1.44600000 
-11.12570000   2.68400000  -2.71000000   1.38700000  -1.49100000 
-11.10870000   2.68500000  -2.66100000   1.43100000  -1.53600000 
-11.09270000   2.68400000  -2.63600000   1.47600000  -1.58100000 
-11.07570000   2.64600000  -2.41100000   1.52100000  -1.62300000 
-11.05870000   2.64800000  -2.39100000   1.56500000  -1.66300000 
-11.04270000   2.43000000  -2.37000000   1.60700000  -1.70200000 
-11.02570000   2.31700000  -2.60200000   1.64600000  -1.74300000 
-11.00870000   2.25800000  -2.69700000   1.68500000  -1.78800000 
-10.99270000   2.42900000  -2.76800000   1.72400000  -1.83300000 
-10.97570000   2.63000000  -2.75500000   1.76600000  -1.88000000 
-10.95870000   2.70800000  -2.78900000   1.81100000  -1.92600000 
-10.94270000   2.73800000  -2.77600000   1.85600000  -1.97200000 
-10.92570000   2.73300000  -2.77700000   1.90200000  -2.01800000 
-10.90870000   2.72000000  -2.82100000   1.94700000  -2.06500000 
-10.89270000   2.70900000  -2.89200000   1.99200000  -2.11200000 
-10.87570000   2.72700000  -2.95000000   2.03800000  -2.16100000 
-10.85870000   2.78600000  -3.05200000   2.08400000  -2.21100000 
-10.84270000   2.84900000  -3.18900000   2.13000000  -2.26300000 
-10.82570000   2.91700000  -3.31700000   2.17800000  -2.31700000 
-10.80870000   3.04100000  -3.45900000   2.22800000  -2.37300000 
-10.79270000   3.16700000  -3.79200000   2.28000000  -2.43400000 
-10.77570000   3.28800000  -3.89300000   2.33300000  -2.49800000 
-10.75870000   3.42000000  -4.18100000   2.38900000  -2.56500000 
-10.74270000   3.74200000  -4.08300000   2.44900000  -2.63400000 
-10.72570000   3.85200000  -4.33200000   2.51200000  -2.70500000 
-10.70870000   4.15500000  -4.71600000   2.58000000  -2.77900000 
-10.69270000   4.07100000  -5.01300000   2.64900000  -2.86100000 
-10.67570000   4.36700000  -4.86200000   2.71900000  -2.94400000 
-10.65870000   4.70100000  -4.42100000   2.79400000  -3.02100000 
-10.64270000   4.87600000  -4.59700000   2.87400000  -3.09400000 
-10.62570000   4.64300000  -4.71200000   2.95400000  -3.17200000 
-10.60870000   4.29300000  -4.76100000   3.02800000  -3.25100000 
-10.59270000   4.49700000  -4.37600000   3.10000000  -3.32800000 
-10.57570000   4.62100000  -4.07200000   3.17600000  -3.39800000 
-10.55870000   4.68000000  -3.97500000   3.25400000  -3.46600000 
-10.54270000   4.30400000  -3.71700000   3.33000000  -3.53000000 
-10.52570000   4.11500000  -3.38600000   3.39900000  -3.59000000 
-10.50870000   3.88800000  -2.82800000   3.46600000  -3.64100000 
-10.49270000   3.61600000  -2.38800000   3.52900000  -3.68400000 
-10.47570000   3.24600000  -2.13900000   3.58600000  -3.72200000 
-10.45870000   2.74400000  -2.09000000   3.63600000  -3.75700000 
-10.44270000   2.35500000  -2.14100000   3.67800000  -3.79200000 
-10.42570000   2.08300000  -2.66200000   3.71500000  -3.83400000 
-10.40870000   2.04000000  -2.93800000   3.74900000  -3.88000000 
-10.39270000   2.05500000  -3.34200000   3.78300000  -3.93300000 
-10.37570000   2.52100000  -3.65400000   3.82000000  -3.99100000 
-10.35870000   2.81900000  -4.51200000   3.86500000  -4.05900000 
-10.34270000   3.25300000  -5.13900000   3.91500000  -4.14000000 
-10.32570000   3.68900000  -4.51200000   3.97300000  -4.22500000 
-10.30870000   4.50400000  -4.80700000   4.04200000  -4.30200000 
-10.29270000   5.18400000  -4.88400000   4.12300000  -4.38200000 
-10.27570000   4.93100000  -5.09700000   4.21100000  -4.46600000 
-10.25870000   4.95500000  -5.28600000   4.29100000  -4.55200000 
-10.24270000   5.00600000  -5.47900000   4.37400000  -4.64200000 
-10.22570000   5.17500000  -5.45600000   4.45900000  -4.73300000 
-10.20870000   5.30400000  -5.45500000   4.54600000  -4.82400000 
-10.19270000   5.39400000  -5.48200000   4.63600000  -4.91500000 
-10.17570000   5.32000000  -5.35600000   4.72500000  -5.00600000 
-10.15870000   5.21400000  -5.33800000   4.81300000  -5.09500000 
-10.14270000   5.25500000  -5.40800000   4.90000000  -5.18400000 
-10.12570000   5.26900000  -5.63200000   4.98800000  -5.27600000 
-10.10870000   5.17800000  -6.10100000   5.07500000  -5.37300000 
-10.09270000   5.22700000  -6.87800000   5.16200000  -5.48100000 
-10.07570000   5.37600000  -6.85500000   5.25000000  -5.59600000 
-10.05870000   5.73000000  -6.22800000   5.34200000  -5.70300000 
-10.04270000   6.66700000  -6.15400000   5.44200000  -5.80600000 
-10.02570000   6.83100000  -6.17500000   5.55500000  -5.90900000 
-10.00870000   6.29300000  -6.22300000   5.66400000  -6.01100000 
 -9.99270000   6.17000000  -6.26000000   5.76800000  -6.11500000 
 -9.97570000   6.13600000  -6.34100000   5.87100000  -6.22000000 
 -9.95870000   6.24600000  -6.40900000   5.97400000  -6.32700000 
 -9.94270000   6.25100000  -6.47400000   6.07800000  -6.43400000 
 -9.92570000   6.27600000  -6.66200000   6.18200000  -6.54300000 
 -9.90870000   6.28200000  -7.15000000   6.28700000  -6.65700000 
 -9.89270000   6.43800000  -7.93200000   6.39300000  -6.78400000 
 -9.87570000   6.64800000  -8.25100000   6.50200000  -6.91900000 
 -9.85870000   6.81200000  -8.10500000   6.61400000  -7.05600000 
 -9.84270000   7.18800000  -7.69500000   6.73000000  -7.18800000 
 -9.82570000   7.52400000  -7.38500000   6.85300000  -7.31300000 
 -9.80870000   7.75600000  -7.47200000   6.98000000  -7.43700000 
 -9.79270000   7.80700000  -7.59800000   7.11000000  -7.56200000 
 -9.77570000   7.72800000  -7.92300000   7.24000000  -7.69200000 
 -9.75870000   7.63900000  -8.24600000   7.36800000  -7.82600000 
 -9.74270000   7.62400000  -8.61200000   7.49500000  -7.96800000 
 -9.72570000   7.95800000  -8.88200000   7.62500000  -8.11400000 
 -9.70870000   8.21000000  -9.45500000   7.76000000  -8.26700000 
 -9.69270000   8.57200000 -10.43000000   7.90000000  -8.43300000 
 -9.67570000   9.03600000 -11.09000000   8.04700000  -8.61300000 
 -9.65870000   8.97800000 -11.84000000   8.19400000  -8.80500000 
 -9.64270000   9.80100000 -10.97000000   8.35200000  -8.99400000 
 -9.62570000  10.08000000 -10.77000000   8.51700000  -9.17800000 
 -9.60870000  10.27000000 -10.76000000   8.69100000  -9.35800000 
 -9.59270000  10.15000000 -10.64000000   8.86000000  -9.53600000 
 -9.57570000  10.68000000 -10.13000000   9.03100000  -9.71000000 
 -9.55870000  11.26000000  -9.56300000   9.21700000  -9.87500000 
 -9.54270000  11.19000000  -8.98000000   9.40300000 -10.03000000 
 -9.52570000  10.89000000  -8.78000000   9.58800000 -10.18000000 
 -9.50870000  10.35000000  -9.79700000   9.76500000 -10.33000000 
 -9.49270000  10.13000000 -11.26000000   9.93400000 -10.51000000 
 -9.47570000  10.13000000 -11.85000000  10.10000000 -10.70000000 
 -9.45870000  10.44000000 -12.32000000  10.27000000 -10.90000000 
 -9.44270000  11.18000000 -12.90000000  10.45000000 -11.11000000 
 -9.42570000  11.69000000 -12.76000000  10.65000000 -11.33000000 
 -9.40870000  11.54000000 -11.84000000  10.84000000 -11.55000000 
 -9.39270000  11.60000000  -9.68900000  11.03000000 -11.72000000 
 -9.37570000  13.36000000  -7.96700000  11.24000000 -11.87000000 
 -9.35870000  13.09000000  -6.97200000  11.46000000 -11.99000000 
 -9.34270000  11.27000000  -6.43300000  11.66000000 -12.10000000 
 -9.32570000   8.79700000  -6.11700000  11.83000000 -12.21000000 
 -9.30870000   7.65200000  -8.60000000  11.96000000 -12.33000000 
 -9.29270000   7.01500000 -11.27000000  12.08000000 -12.49000000 
 -9.27570000   7.05400000 -11.18000000  12.20000000 -12.69000000 
 -9.25870000   8.46500000 -10.92000000  12.33000000 -12.87000000 
 -9.24270000  11.62000000 -10.74000000  12.49000000 -13.05000000 
 -9.22570000  11.64000000 -12.40000000  12.69000000 -13.24000000 
 -9.20870000  11.44000000 -11.49000000  12.89000000 -13.44000000 
 -9.19270000  11.86000000 -10.53000000  13.08000000 -13.63000000 
 -9.17570000  14.47000000 -10.05000000  13.30000000 -13.80000000 
 -9.15870000  12.21000000  -9.58300000  13.52000000 -13.96000000 
 -9.14270000  11.33000000  -8.93800000  13.72000000 -14.12000000 
 -9.12570000  11.06000000  -7.81500000  13.91000000 -14.26000000 
 -9.10870000   9.86000000  -7.25500000  14.08000000 -14.38000000 
 -9.09270000   8.49400000  -7.05400000  14.23000000 -14.50000000 
 -9.07570000   8.15100000  -7.00800000  14.37000000 -14.62000000 
 -9.05870000   7.83000000  -8.09600000  14.50000000 -14.74000000 
 -9.04270000   9.55000000  -9.24700000  14.65000000 -14.89000000 
 -9.02570000  10.21000000 -10.15000000  14.82000000 -15.05000000 
 -9.00870000  11.37000000  -9.89500000  15.00000000 -15.22000000 
 -8.99270000  12.49000000  -9.83900000  15.19000000 -15.38000000 
 -8.97570000  13.45000000 -11.08000000  15.42000000 -15.56000000 
 -8.95870000  10.65000000  -8.28100000  15.62000000 -15.72000000 
 -8.94270000   7.71300000  -5.69600000  15.77000000 -15.84000000 
 -8.92570000   4.79500000  -3.53900000  15.88000000 -15.91000000 
 -8.90870000   2.91500000  -2.20900000  15.94000000 -15.96000000 
 -8.89270000   1.70800000  -1.20200000  15.98000000 -15.99000000 
 -8.87570000   0.40350000  -0.10480000  16.00000000 -16.00000000 
 -8.85870000   0.00000000  -0.00000000  16.00000000 -16.00000000 
 -8.84270000   0.00000000  -0.00000000  16.00000000 -16.00000000 
 -8.82570000   0.00000000  -0.00000000  16.00000000 -16.00000000 
 -8.80870000   0.00000000  -0.00000000  16.00000000 -16.00000000 
 -8.79270000   0.00000000  -0.00000000  16.00000000 -16.00000000 
 -8.77570000   0.00000000  -0.00000000  16.00000000 -16.00000000 
 -8.75870000   0.00000000  -0.00000000  16.00000000 -16.00000000 
 -8.74270000   0.00000000  -0.00000000  16.00000000 -16.00000000 
 -8.72570000   0.00000000  -0.00000000  16.00000000 -16.00000000 
 -8.70870000   0.00000000  -0.00000000  16.00000000 -16.00000000 
 -8.69270000   0.00000000  -0.00000000  16.00000000 -16.00000000 
 -8.67570000   0.00000000  -0.00000000  16.00000000 -16.00000000 
 -8.65870000   0.00000000  -0.00000000  16.00000000 -16.00000000 
 -8.64270000   0.00000000  -0.00000000  16.00000000 -16.00000000 
 -8.62570000   0.00000000  -0.00000000  16.00000000 -16.00000000 
 -8.60870000   0.00000000  -0.00000000  16.00000000 -16.00000000 
 -8.59270000   0.00000000  -0.00000000  16.00000000 -16.00000000 
 -8.57570000   0.00000000  -0.00000000  16.00000000 -16.00000000 
 -8.55870000   0.00000000  -0.00000000  16.00000000 -16.00000000 
 -8.54270000   0.00000000  -0.00000000  16.00000000 -16.00000000 
 -8.52570000   0.00000000  -0.00000000  16.00000000 -16.00000000 
 -8.50870000   0.00000000  -0.00000000  16.00000000 -16.00000000 
 -8.49270000   0.00000000  -0.00000000  16.00000000 -16.00000000 
 -8.47570000   0.00000000  -0.00000000  16.00000000 -16.00000000 
 -8.45870000   0.00000000  -0.00000000  16.00000000 -16.00000000 
 -8.44270000   0.00000000  -0.00000000  16.00000000 -16.00000000 
 -8.42570000   0.00000000  -0.00000000  16.00000000 -16.00000000 
 -8.40870000   0.00000000  -0.00000000  16.00000000 -16.00000000 
 -8.39270000   0.00000000  -0.00000000  16.00000000 -16.00000000 
 -8.37570000   0.00000000  -0.00000000  16.00000000 -16.00000000 
 -8.35870000   0.00000000  -0.00000000  16.00000000 -16.00000000 
 -8.34270000   0.00000000  -0.00000000  16.00000000 -16.00000000 
 -8.32570000   0.00000000  -0.00000000  16.00000000 -16.00000000 
 -8.30870000   0.00000000  -0.00000000  16.00000000 -16.00000000 
 -8.29270000   0.00000000  -0.00000000  16.00000000 -16.00000000 
 -8.27570000   0.00000000  -0.00000000  16.00000000 -16.00000000 
 -8.25870000   0.00000000  -0.00000000  16.00000000 -16.00000000 
 -8.24270000   0.00000000  -0.00000000  16.00000000 -16.00000000 
 -8.22570000   0.00000000  -0.00000000  16.00000000 -16.00000000 
 -8.20870000   0.00000000  -0.00000000  16.00000000 -16.00000000 
 -8.19270000   0.00000000  -0.00000000  16.00000000 -16.00000000 
 -8.17570000   0.00000000  -0.00000000  16.00000000 -16.00000000 
 -8.15870000   0.00000000  -0.00000000  16.00000000 -16.00000000 
 -8.14270000   0.00000000  -0.00000000  16.00000000 -16.00000000 
 -8.12570000   0.00000000  -0.00000000  16.00000000 -16.00000000 
 -8.10870000   0.00000000  -0.00000000  16.00000000 -16.00000000 
 -8.09270000   0.00000000  -0.00000000  16.00000000 -16.00000000 
 -8.07570000   0.00000000  -0.00000000  16.00000000 -16.00000000 
 -8.05870000   0.00000000  -0.00000000  16.00000000 -16.00000000 
 -8.04270000   0.00000000  -0.00000000  16.00000000 -16.00000000 
 -8.02570000   0.00000000  -0.00000000  16.00000000 -16.00000000 
 -8.00870000   0.00000000  -0.00000000  16.00000000 -16.00000000 
 -7.99270000   0.00000000  -0.00000000  16.00000000 -16.00000000 
 -7.97570000   0.00000000  -0.00000000  16.00000000 -16.00000000 
 -7.95870000   0.00000000  -0.00000000  16.00000000 -16.00000000 
 -7.94270000   0.00000000  -0.00000000  16.00000000 -16.00000000 
 -7.92570000   0.00000000  -0.00000000  16.00000000 -16.00000000 
 -7.90870000   0.00000000  -0.00000000  16.00000000 -16.00000000 
 -7.89270000   0.00000000  -0.00000000  16.00000000 -16.00000000 
 -7.87570000   0.00000000  -0.00000000  16.00000000 -16.00000000 
 -7.85870000   0.00000000  -0.00000000  16.00000000 -16.00000000 
 -7.84270000   0.00000000  -0.00000000  16.00000000 -16.00000000 
 -7.82570000   0.00000000  -0.00000000  16.00000000 -16.00000000 
 -7.80870000   0.00000000  -0.00000000  16.00000000 -16.00000000 
 -7.79270000   0.00000000  -0.00000000  16.00000000 -16.00000000 
 -7.77570000   0.00000000  -0.00000000  16.00000000 -16.00000000 
 -7.75870000   0.00000000  -0.00000000  16.00000000 -16.00000000 
 -7.74270000   0.00000000  -0.00000000  16.00000000 -16.00000000 
 -7.72570000   0.00000000  -0.00000000  16.00000000 -16.00000000 
 -7.70870000   0.00000000  -0.00000000  16.00000000 -16.00000000 
 -7.69270000   0.00000000  -0.00000000  16.00000000 -16.00000000 
 -7.67570000   0.00000000  -0.00000000  16.00000000 -16.00000000 
 -7.65870000   0.00000000  -0.00000000  16.00000000 -16.00000000 
 -7.64270000   0.00000000  -0.00000000  16.00000000 -16.00000000 
 -7.62570000   0.00000000  -0.00000000  16.00000000 -16.00000000 
 -7.60870000   0.00000000  -0.00000000  16.00000000 -16.00000000 
 -7.59270000   0.00000000  -0.00000000  16.00000000 -16.00000000 
 -7.57570000   0.00000000  -0.00000000  16.00000000 -16.00000000 
 -7.55870000   0.00000000  -0.00000000  16.00000000 -16.00000000 
 -7.54270000   0.00000000  -0.00000000  16.00000000 -16.00000000 
 -7.52570000   0.00000000  -0.00000000  16.00000000 -16.00000000 
 -7.50870000   0.00000000  -0.00000000  16.00000000 -16.00000000 
 -7.49270000   0.00000000  -0.00000000  16.00000000 -16.00000000 
 -7.47570000   0.00000000  -0.00000000  16.00000000 -16.00000000 
 -7.45870000   0.00000000  -0.00000000  16.00000000 -16.00000000 
 -7.44270000   0.00000000  -0.00000000  16.00000000 -16.00000000 
 -7.42570000   0.00000000  -0.00000000  16.00000000 -16.00000000 
 -7.40870000   0.00000000  -0.00000000  16.00000000 -16.00000000 
 -7.39270000   0.00000000  -0.00000000  16.00000000 -16.00000000 
 -7.37570000   0.00000000  -0.00000000  16.00000000 -16.00000000 
 -7.35870000   0.00000000  -0.00000000  16.00000000 -16.00000000 
 -7.34270000   0.00000000  -0.00000000  16.00000000 -16.00000000 
 -7.32570000   0.00000000  -0.00000000  16.00000000 -16.00000000 
 -7.30870000   0.00000000  -0.00000000  16.00000000 -16.00000000 
 -7.29270000   0.00000000  -0.00000000  16.00000000 -16.00000000 
 -7.27570000   0.00000000  -0.00000000  16.00000000 -16.00000000 
 -7.25870000   0.00000000  -0.00000000  16.00000000 -16.00000000 
 -7.24270000   0.00000000  -0.00000000  16.00000000 -16.00000000 
 -7.22570000   0.00000000  -0.00000000  16.00000000 -16.00000000 
 -7.20870000   0.00000000  -0.00000000  16.00000000 -16.00000000 
 -7.19270000   0.00000000  -0.00000000  16.00000000 -16.00000000 
 -7.17570000   0.00000000  -0.00000000  16.00000000 -16.00000000 
 -7.15870000   0.00000000  -0.00000000  16.00000000 -16.00000000 
 -7.14270000   0.00000000  -0.00000000  16.00000000 -16.00000000 
 -7.12570000   0.00000000  -0.00000000  16.00000000 -16.00000000 
 -7.10870000   0.00000000  -0.00000000  16.00000000 -16.00000000 
 -7.09270000   0.00000000  -0.00000000  16.00000000 -16.00000000 
 -7.07570000   0.00000000  -0.00000000  16.00000000 -16.00000000 
 -7.05870000   0.00000000  -0.00000000  16.00000000 -16.00000000 
 -7.04270000   0.00000000  -0.00000000  16.00000000 -16.00000000 
 -7.02570000   0.00000000  -0.00000000  16.00000000 -16.00000000 
 -7.00870000   0.00000000  -0.00000000  16.00000000 -16.00000000 
 -6.99270000   0.00000000  -0.00000000  16.00000000 -16.00000000 
 -6.97570000   0.00000000  -0.00000000  16.00000000 -16.00000000 
 -6.95870000   0.00000000  -0.00000000  16.00000000 -16.00000000 
 -6.94270000   0.00000000  -0.00000000  16.00000000 -16.00000000 
 -6.92570000   0.00000000  -0.00000000  16.00000000 -16.00000000 
 -6.90870000   0.00000000  -0.00000000  16.00000000 -16.00000000 
 -6.89270000   0.00000000  -0.00000000  16.00000000 -16.00000000 
 -6.87570000   0.00000000  -0.00000000  16.00000000 -16.00000000 
 -6.85870000   0.00000000  -0.00000000  16.00000000 -16.00000000 
 -6.84270000   0.00000000  -0.00000000  16.00000000 -16.00000000 
 -6.82570000   0.00000000  -0.00000000  16.00000000 -16.00000000 
 -6.80870000   0.00000000  -0.00000000  16.00000000 -16.00000000 
 -6.79270000   0.00000000  -0.00000000  16.00000000 -16.00000000 
 -6.77570000   0.00000000  -0.00000000  16.00000000 -16.00000000 
 -6.75870000   0.00000000  -0.00000000  16.00000000 -16.00000000 
 -6.74270000   0.00000000  -0.00000000  16.00000000 -16.00000000 
 -6.72570000   0.00000000  -0.00000000  16.00000000 -16.00000000 
 -6.70870000   0.00000000  -0.00000000  16.00000000 -16.00000000 
 -6.69270000   0.00000000  -0.00000000  16.00000000 -16.00000000 
 -6.67570000   0.00000000  -0.00000000  16.00000000 -16.00000000 
 -6.65870000   0.00000000  -0.00000000  16.00000000 -16.00000000 
 -6.64270000   0.00000000  -0.00000000  16.00000000 -16.00000000 
 -6.62570000   0.00000000  -0.00000000  16.00000000 -16.00000000 
 -6.60870000   0.00000000  -0.00000000  16.00000000 -16.00000000 
 -6.59270000   0.00000000  -0.00000000  16.00000000 -16.00000000 
 -6.57570000   0.63000000  -0.00000000  16.01000000 -16.00000000 
 -6.55870000   0.96410000  -0.00000000  16.02000000 -16.00000000 
 -6.54270000   1.19800000  -0.00000000  16.04000000 -16.00000000 
 -6.52570000   1.44000000  -0.00000000  16.06000000 -16.00000000 
 -6.50870000   1.69600000  -0.00000000  16.09000000 -16.00000000 
 -6.49270000   2.03200000  -0.00000000  16.12000000 -16.00000000 
 -6.47570000   2.26200000  -0.00000000  16.15000000 -16.00000000 
 -6.45870000   2.85600000  -0.00000000  16.19000000 -16.00000000 
 -6.44270000   4.05200000  -0.00000000  16.25000000 -16.00000000 
 -6.42570000   4.05500000  -0.00000000  16.32000000 -16.00000000 
 -6.40870000   4.07300000  -0.00000000  16.39000000 -16.00000000 
 -6.39270000   4.00100000  -0.00000000  16.45000000 -16.00000000 
 -6.37570000   4.04100000  -0.20210000  16.52000000 -16.00000000 
 -6.35870000   4.20400000  -0.74240000  16.59000000 -16.01000000 
 -6.34270000   4.53100000  -1.21500000  16.66000000 -16.03000000 
 -6.32570000   4.89500000  -1.59300000  16.74000000 -16.05000000 
 -6.30870000   5.21100000  -1.99700000  16.83000000 -16.08000000 
 -6.29270000   5.55100000  -2.42900000  16.92000000 -16.12000000 
 -6.27570000   5.92300000  -2.79300000  17.01000000 -16.16000000 
 -6.25870000   6.33900000  -3.21800000  17.11000000 -16.21000000 
 -6.24270000   6.35900000  -4.13100000  17.22000000 -16.27000000 
 -6.22570000   6.32600000  -5.24500000  17.33000000 -16.35000000 
 -6.20870000   6.59600000  -5.62100000  17.43000000 -16.44000000 
 -6.19270000   6.75900000  -4.36900000  17.54000000 -16.52000000 
 -6.17570000   6.72800000  -4.54400000  17.66000000 -16.60000000 
 -6.15870000   7.21400000  -4.73900000  17.77000000 -16.67000000 
 -6.14270000   7.49700000  -4.93300000  17.89000000 -16.76000000 
 -6.12570000   8.00000000  -5.12400000  18.02000000 -16.84000000 
 -6.10870000   8.53300000  -5.34200000  18.16000000 -16.93000000 
 -6.09270000   8.76800000  -5.57000000  18.31000000 -17.02000000 
 -6.07570000   8.82800000  -5.79000000  18.45000000 -17.11000000 
 -6.05870000   8.82400000  -5.89900000  18.60000000 -17.21000000 
 -6.04270000   9.02500000  -5.83400000  18.75000000 -17.31000000 
 -6.02570000   9.38600000  -5.76600000  18.90000000 -17.40000000 
 -6.00870000   9.71600000  -6.17000000  19.06000000 -17.50000000 
 -5.99270000  10.04000000  -6.57000000  19.23000000 -17.61000000 
 -5.97570000  10.27000000  -7.04500000  19.40000000 -17.72000000 
 -5.95870000  10.60000000  -8.18000000  19.57000000 -17.85000000 
 -5.94270000  11.34000000  -8.64800000  19.75000000 -17.99000000 
 -5.92570000  12.33000000  -8.21700000  19.95000000 -18.13000000 
 -5.90870000  12.88000000  -8.28200000  20.16000000 -18.27000000 
 -5.89270000  13.31000000  -8.48100000  20.38000000 -18.40000000 
 -5.87570000  14.13000000  -8.72500000  20.60000000 -18.55000000 
 -5.85870000  16.27000000  -8.53700000  20.86000000 -18.69000000 
 -5.84270000  14.67000000  -8.67900000  21.12000000 -18.83000000 
 -5.82570000  14.04000000  -8.83500000  21.36000000 -18.98000000 
 -5.80870000  13.86000000  -8.94600000  21.59000000 -19.13000000 
 -5.79270000  14.59000000  -9.26200000  21.82000000 -19.28000000 
 -5.77570000  14.19000000  -9.72000000  22.06000000 -19.44000000 
 -5.75870000  14.71000000 -10.27000000  22.31000000 -19.60000000 
 -5.74270000  14.50000000 -10.88000000  22.55000000 -19.78000000 
 -5.72570000  12.86000000 -11.70000000  22.78000000 -19.97000000 
 -5.70870000  12.24000000 -14.00000000  22.99000000 -20.18000000 
 -5.69270000  11.59000000 -14.63000000  23.19000000 -20.42000000 
 -5.67570000  12.42000000 -14.04000000  23.39000000 -20.66000000 
 -5.65870000  13.23000000 -13.72000000  23.61000000 -20.89000000 
 -5.64270000  12.99000000 -13.28000000  23.83000000 -21.12000000 
 -5.62570000  11.87000000 -12.80000000  24.03000000 -21.33000000 
 -5.60870000  11.64000000 -12.36000000  24.22000000 -21.55000000 
 -5.59270000  11.79000000 -11.59000000  24.42000000 -21.74000000 
 -5.57570000  11.85000000 -11.92000000  24.62000000 -21.94000000 
 -5.55870000  10.92000000 -12.11000000  24.81000000 -22.14000000 
 -5.54270000   9.57800000 -12.04000000  24.97000000 -22.34000000 
 -5.52570000   9.69100000 -11.84000000  25.13000000 -22.54000000 
 -5.50870000  10.33000000 -11.63000000  25.30000000 -22.74000000 
 -5.49270000   9.65000000 -11.86000000  25.47000000 -22.94000000 
 -5.47570000  11.48000000 -11.87000000  25.64000000 -23.13000000 
 -5.45870000   9.58300000 -11.76000000  25.81000000 -23.33000000 
 -5.44270000   9.21200000 -12.37000000  25.97000000 -23.52000000 
 -5.42570000   8.90800000 -10.87000000  26.12000000 -23.71000000 
 -5.40870000   8.49000000 -10.70000000  26.27000000 -23.89000000 
 -5.39270000   8.33800000 -10.34000000  26.41000000 -24.07000000 
 -5.37570000   8.18500000 -10.08000000  26.54000000 -24.24000000 
 -5.35870000   8.11300000 -10.73000000  26.68000000 -24.41000000 
 -5.34270000   8.09300000 -12.82000000  26.82000000 -24.60000000 
 -5.32570000   9.50000000 -10.43000000  26.96000000 -24.79000000 
 -5.30870000   8.58700000 -10.78000000  27.11000000 -24.97000000 
 -5.29270000   8.53400000 -11.36000000  27.25000000 -25.15000000 
 -5.27570000   9.69400000  -9.36700000  27.41000000 -25.32000000 
 -5.25870000   8.92600000  -9.07800000  27.56000000 -25.47000000 
 -5.24270000   8.88800000  -9.78600000  27.71000000 -25.64000000 
 -5.22570000   8.88000000  -8.51300000  27.86000000 -25.79000000 
 -5.20870000   9.03500000  -8.60400000  28.01000000 -25.93000000 
 -5.19270000   9.27700000  -8.64800000  28.16000000 -26.07000000 
 -5.17570000  10.30000000  -8.40700000  28.32000000 -26.22000000 
 -5.15870000   9.23900000  -7.88000000  28.49000000 -26.35000000 
 -5.14270000   7.74000000  -7.83000000  28.62000000 -26.48000000 
 -5.12570000   8.87800000  -7.81700000  28.76000000 -26.61000000 
 -5.10870000  11.09000000  -7.80200000  28.92000000 -26.74000000 
 -5.09270000  10.26000000  -8.46000000  29.10000000 -26.88000000 
 -5.07570000   9.74000000  -7.98500000  29.26000000 -27.02000000 
 -5.05870000   7.94500000  -7.91800000  29.42000000 -27.15000000 
 -5.04270000   6.45600000  -8.03300000  29.53000000 -27.28000000 
 -5.02570000   6.08700000 -11.17000000  29.64000000 -27.44000000 
 -5.00870000   5.37000000  -9.89000000  29.73000000 -27.61000000 
 -4.99270000   4.93600000  -8.83100000  29.82000000 -27.77000000 
 -4.97570000   4.27100000  -8.34100000  29.90000000 -27.91000000 
 -4.95870000   4.31500000  -8.01500000  29.97000000 -28.05000000 
 -4.94270000   5.33500000  -8.12700000  30.05000000 -28.18000000 
 -4.92570000   6.29800000  -8.23400000  30.14000000 -28.32000000 
 -4.90870000   6.62400000  -9.04400000  30.25000000 -28.46000000 
 -4.89270000   8.67300000  -9.37000000  30.37000000 -28.62000000 
 -4.87570000  10.14000000  -7.70100000  30.53000000 -28.76000000 
 -4.85870000  10.99000000  -5.96600000  30.71000000 -28.86000000 
 -4.84270000  11.15000000  -8.53700000  30.90000000 -28.98000000 
 -4.82570000  10.03000000  -9.53500000  31.08000000 -29.13000000 
 -4.80870000   7.92300000  -9.05700000  31.23000000 -29.29000000 
 -4.79270000   5.64900000  -7.79200000  31.34000000 -29.43000000 
 -4.77570000   5.86700000  -6.59800000  31.43000000 -29.55000000 
 -4.75870000   6.09300000  -5.49200000  31.53000000 -29.65000000 
 -4.74270000   6.69300000  -5.64800000  31.64000000 -29.74000000 
 -4.72570000   8.59100000  -5.42900000  31.77000000 -29.84000000 
 -4.70870000  10.37000000  -4.28300000  31.93000000 -29.92000000 
 -4.69270000  10.38000000  -4.27600000  32.11000000 -29.99000000 
 -4.67570000   9.25800000  -4.43900000  32.27000000 -30.06000000 
 -4.65870000   8.57300000  -4.84000000  32.41000000 -30.14000000 
 -4.64270000   8.91300000  -7.00400000  32.56000000 -30.24000000 
 -4.62570000   9.15800000  -7.38700000  32.71000000 -30.35000000 
 -4.60870000   9.62500000  -9.18600000  32.87000000 -30.49000000 
 -4.59270000  10.06000000  -8.70700000  33.03000000 -30.64000000 
 -4.57570000  10.54000000  -9.33200000  33.20000000 -30.79000000 
 -4.55870000  11.05000000  -8.90200000  33.38000000 -30.96000000 
 -4.54270000  11.14000000  -8.34800000  33.57000000 -31.10000000 
 -4.52570000  13.79000000  -7.45500000  33.77000000 -31.23000000 
 -4.50870000  14.23000000  -6.26900000  34.00000000 -31.34000000 
 -4.49270000  12.58000000  -5.73100000  34.23000000 -31.44000000 
 -4.47570000  13.97000000  -6.14100000  34.45000000 -31.54000000 
 -4.45870000  15.10000000  -6.62700000  34.69000000 -31.65000000 
 -4.44270000  16.34000000  -6.70600000  34.95000000 -31.76000000 
 -4.42570000  16.75000000  -7.15600000  35.22000000 -31.87000000 
 -4.40870000  19.61000000  -9.13300000  35.53000000 -32.01000000 
 -4.39270000  20.43000000  -9.34400000  35.86000000 -32.17000000 
 -4.37570000  19.68000000  -9.47400000  36.19000000 -32.33000000 
 -4.35870000  19.69000000  -9.32400000  36.53000000 -32.48000000 
 -4.34270000  17.55000000  -9.33600000  36.83000000 -32.64000000 
 -4.32570000  19.87000000  -9.35700000  37.12000000 -32.80000000 
 -4.30870000  16.20000000  -9.42100000  37.41000000 -32.95000000 
 -4.29270000  16.16000000  -9.89500000  37.68000000 -33.11000000 
 -4.27570000  16.29000000 -10.81000000  37.95000000 -33.28000000 
 -4.25870000  16.62000000 -11.69000000  38.22000000 -33.47000000 
 -4.24270000  18.58000000 -12.24000000  38.51000000 -33.67000000 
 -4.22570000  20.72000000 -12.32000000  38.85000000 -33.88000000 
 -4.20870000  21.28000000 -12.00000000  39.19000000 -34.08000000 
 -4.19270000  24.53000000 -11.68000000  39.55000000 -34.28000000 
 -4.17570000  21.64000000 -15.31000000  39.91000000 -34.48000000 
 -4.15870000  24.13000000 -12.64000000  40.29000000 -34.70000000 
 -4.14270000  25.44000000 -12.53000000  40.71000000 -34.91000000 
 -4.12570000  28.28000000 -12.70000000  41.15000000 -35.12000000 
 -4.10870000  30.66000000 -13.12000000  41.65000000 -35.33000000 
 -4.09270000  31.01000000 -14.00000000  42.17000000 -35.56000000 
 -4.07570000  30.61000000 -14.84000000  42.68000000 -35.80000000 
 -4.05870000  30.96000000 -15.08000000  43.21000000 -36.05000000 
 -4.04270000  31.01000000 -15.93000000  43.71000000 -36.31000000 
 -4.02570000  28.49000000 -15.82000000  44.20000000 -36.58000000 
 -4.00870000  31.00000000 -16.41000000  44.69000000 -36.85000000 
 -3.99270000  30.54000000 -16.58000000  45.21000000 -37.12000000 
 -3.97570000  27.36000000 -14.80000000  45.71000000 -37.39000000 
 -3.95870000  23.93000000 -13.93000000  46.13000000 -37.63000000 
 -3.94270000  22.31000000 -14.24000000  46.51000000 -37.87000000 
 -3.92570000  23.81000000 -14.18000000  46.90000000 -38.09000000 
 -3.90870000  24.99000000 -14.92000000  47.30000000 -38.34000000 
 -3.89270000  29.60000000 -14.67000000  47.76000000 -38.58000000 
 -3.87570000  30.15000000 -14.64000000  48.24000000 -38.83000000 
 -3.85870000  27.07000000 -15.35000000  48.71000000 -39.08000000 
 -3.84270000  29.82000000 -16.06000000  49.18000000 -39.34000000 
 -3.82570000  27.65000000 -16.96000000  49.68000000 -39.61000000 
 -3.80870000  26.00000000 -18.80000000  50.10000000 -39.91000000 
 -3.79270000  32.43000000 -21.48000000  50.58000000 -40.24000000 
 -3.77570000  39.53000000 -22.08000000  51.18000000 -40.62000000 
 -3.75870000  36.43000000 -21.71000000  51.83000000 -40.98000000 
 -3.74270000  31.57000000 -22.42000000  52.38000000 -41.34000000 
 -3.72570000  35.08000000 -23.16000000  52.95000000 -41.73000000 
 -3.70870000  28.89000000 -23.04000000  53.47000000 -42.11000000 
 -3.69270000  31.56000000 -23.81000000  53.96000000 -42.49000000 
 -3.67570000  36.15000000 -24.77000000  54.51000000 -42.90000000 
 -3.65870000  40.81000000 -23.06000000  55.17000000 -43.30000000 
 -3.64270000  33.04000000 -24.88000000  55.77000000 -43.70000000 
 -3.62570000  28.40000000 -25.95000000  56.28000000 -44.12000000 
 -3.60870000  28.62000000 -32.85000000  56.74000000 -44.62000000 
 -3.59270000  27.30000000 -31.42000000  57.21000000 -45.14000000 
 -3.57570000  27.58000000 -32.81000000  57.65000000 -45.68000000 
 -3.55870000  33.35000000 -28.78000000  58.15000000 -46.20000000 
 -3.54270000  42.91000000 -23.00000000  58.77000000 -46.64000000 
 -3.52570000  44.97000000 -23.42000000  59.48000000 -47.02000000 
 -3.50870000  44.09000000 -19.05000000  60.24000000 -47.36000000 
 -3.49270000  42.49000000 -21.08000000  60.96000000 -47.68000000 
 -3.47570000  32.34000000 -22.83000000  61.58000000 -48.03000000 
 -3.45870000  23.49000000 -20.62000000  62.02000000 -48.39000000 
 -3.44270000  21.40000000 -20.06000000  62.42000000 -48.72000000 
 -3.42570000  10.16000000 -23.04000000  62.65000000 -49.08000000 
 -3.40870000   8.73300000 -25.90000000  62.80000000 -49.48000000 
 -3.39270000  10.21000000 -28.03000000  62.96000000 -49.94000000 
 -3.37570000   8.80200000 -26.32000000  63.12000000 -50.39000000 
 -3.35870000   7.39600000 -24.39000000  63.25000000 -50.80000000 
 -3.34270000   6.61700000 -26.34000000  63.37000000 -51.24000000 
 -3.32570000   6.55000000 -26.31000000  63.48000000 -51.67000000 
 -3.30870000   6.44500000 -25.19000000  63.59000000 -52.10000000 
 -3.29270000   7.28100000 -27.73000000  63.70000000 -52.54000000 
 -3.27570000   8.16900000 -25.46000000  63.83000000 -52.99000000 
 -3.25870000  11.62000000 -24.72000000  64.00000000 -53.40000000 
 -3.24270000  19.00000000 -22.43000000  64.23000000 -53.79000000 
 -3.22570000  36.19000000 -23.55000000  64.73000000 -54.17000000 
 -3.20870000  38.86000000 -25.68000000  65.31000000 -54.58000000 
 -3.19270000  40.87000000 -26.14000000  65.93000000 -55.01000000 
 -3.17570000  49.71000000 -24.08000000  66.66000000 -55.41000000 
 -3.15870000  64.32000000 -27.05000000  67.56000000 -55.83000000 
 -3.14270000  84.97000000 -29.00000000  68.74000000 -56.29000000 
 -3.12570000  59.55000000 -33.07000000  69.83000000 -56.80000000 
 -3.10870000  63.18000000 -31.58000000  70.82000000 -57.33000000 
 -3.09270000  48.51000000 -26.09000000  71.58000000 -57.82000000 
 -3.07570000  72.12000000 -20.24000000  72.54000000 -58.20000000 
 -3.05870000  70.77000000 -19.77000000  73.74000000 -58.54000000 
 -3.04270000  74.96000000 -18.42000000  74.96000000 -58.85000000 
 -3.02570000  55.90000000 -17.29000000  75.88000000 -59.15000000 
 -3.00870000  60.55000000 -18.83000000  76.83000000 -59.44000000 
 -2.99270000  41.57000000 -21.60000000  77.62000000 -59.79000000 
 -2.97570000  36.24000000 -18.07000000  78.23000000 -60.11000000 
 -2.95870000  53.51000000 -19.27000000  78.96000000 -60.40000000 
 -2.94270000  58.53000000 -19.89000000  79.92000000 -60.67000000 
 -2.92570000  67.71000000 -14.18000000  80.93000000 -60.91000000 
 -2.90870000  76.95000000 -16.20000000  82.16000000 -61.16000000 
 -2.89270000  57.93000000 -17.16000000  83.27000000 -61.44000000 
 -2.87570000  44.05000000 -17.93000000  84.10000000 -61.72000000 
 -2.85870000  41.45000000 -15.89000000  84.78000000 -62.01000000 
 -2.84270000  61.43000000 -11.74000000  85.61000000 -62.26000000 
 -2.82570000  64.37000000 -11.01000000  86.63000000 -62.44000000 
 -2.80870000  63.17000000 -11.28000000  87.73000000 -62.62000000 
 -2.79270000  55.71000000 -12.95000000  88.64000000 -62.82000000 
 -2.77570000  57.26000000 -13.18000000  89.57000000 -63.04000000 
 -2.75870000  48.89000000 -15.42000000  90.35000000 -63.28000000 
 -2.74270000  37.43000000 -13.19000000  91.07000000 -63.51000000 
 -2.72570000  32.01000000 -14.14000000  91.62000000 -63.73000000 
 -2.70870000  44.07000000 -45.30000000  92.21000000 -64.25000000 
 -2.69270000  51.78000000 -43.31000000  93.02000000 -64.95000000 
 -2.67570000  41.80000000 -45.62000000  93.78000000 -65.69000000 
 -2.65870000  37.17000000 -39.98000000  94.47000000 -66.38000000 
 -2.64270000  33.62000000 -46.92000000  95.05000000 -67.08000000 
 -2.62570000  25.79000000 -70.69000000  95.58000000 -68.00000000 
 -2.60870000  27.95000000 -70.28000000  96.01000000 -69.09000000 
 -2.59270000  42.16000000 -53.43000000  96.53000000 -70.07000000 
 -2.57570000  73.53000000 -37.45000000  97.50000000 -70.84000000 
 -2.55870000  80.23000000 -42.66000000  98.71000000 -71.43000000 
 -2.54270000  64.15000000 -46.78000000  99.82000000 -72.23000000 
 -2.52570000  82.09000000 -44.66000000 101.00000000 -72.90000000 
 -2.50870000  70.27000000 -46.87000000 102.30000000 -73.63000000 
 -2.49270000  60.63000000 -44.82000000 103.30000000 -74.33000000 
 -2.47570000  50.59000000 -33.84000000 104.30000000 -74.97000000 
 -2.45870000  50.09000000 -39.40000000 105.00000000 -75.58000000 
 -2.44270000  39.46000000 -31.92000000 105.70000000 -76.18000000 
 -2.42570000  26.73000000 -25.15000000 106.30000000 -76.58000000 
 -2.40870000  22.35000000 -25.24000000 106.60000000 -77.01000000 
 -2.39270000  32.43000000 -22.70000000 107.10000000 -77.41000000 
 -2.37570000  46.65000000 -19.48000000 107.70000000 -77.76000000 
 -2.35870000  46.79000000 -14.48000000 108.50000000 -78.02000000 
 -2.34270000  47.36000000 -19.16000000 109.20000000 -78.29000000 
 -2.32570000  31.61000000 -28.84000000 109.90000000 -78.71000000 
 -2.30870000  38.24000000 -36.32000000 110.50000000 -79.22000000 
 -2.29270000  39.96000000 -48.79000000 111.10000000 -79.96000000 
 -2.27570000  24.75000000 -61.23000000 111.70000000 -80.91000000 
 -2.25870000  21.19000000 -71.23000000 112.00000000 -81.99000000 
 -2.24270000  38.06000000 -58.14000000 112.40000000 -83.12000000 
 -2.22570000  32.70000000 -48.16000000 113.10000000 -84.00000000 
 -2.20870000  42.04000000 -42.20000000 113.60000000 -84.65000000 
 -2.19270000  30.95000000 -42.77000000 114.20000000 -85.35000000 
 -2.17570000  47.55000000 -37.39000000 114.80000000 -85.99000000 
 -2.15870000  61.58000000 -42.98000000 115.80000000 -86.70000000 
 -2.14270000  48.98000000 -50.02000000 116.70000000 -87.39000000 
 -2.12570000  46.01000000 -46.67000000 117.40000000 -88.23000000 
 -2.10870000  53.02000000 -49.91000000 118.20000000 -88.97000000 
 -2.09270000  44.54000000 -49.79000000 119.00000000 -89.85000000 
 -2.07570000  46.97000000 -36.88000000 119.80000000 -90.51000000 
 -2.05870000  55.01000000 -31.61000000 120.60000000 -91.10000000 
 -2.04270000  56.29000000 -24.26000000 121.40000000 -91.55000000 
 -2.02570000  84.67000000 -31.48000000 122.50000000 -91.99000000 
 -2.00870000  81.39000000 -37.34000000 123.80000000 -92.58000000 
 -1.99270000  63.86000000 -32.11000000 124.90000000 -93.14000000 
 -1.97570000  69.66000000 -38.84000000 125.90000000 -93.71000000 
 -1.95870000  63.70000000 -34.48000000 126.90000000 -94.29000000 
 -1.94270000  59.83000000 -33.79000000 127.90000000 -94.86000000 
 -1.92570000  59.93000000 -34.68000000 128.90000000 -95.41000000 
 -1.90870000  81.85000000 -47.26000000 130.00000000 -96.07000000 
 -1.89270000  75.73000000 -53.53000000 131.30000000 -96.98000000 
 -1.87570000  71.46000000 -42.44000000 132.50000000 -97.79000000 
 -1.85870000  68.55000000 -37.51000000 133.60000000 -98.43000000 
 -1.84270000  76.15000000 -34.55000000 134.80000000 -99.02000000 
 -1.82570000  81.30000000 -29.93000000 136.10000000 -99.55000000 
 -1.80870000  66.00000000 -32.84000000 137.30000000 -100.10000000 
 -1.79270000  59.15000000 -41.88000000 138.30000000 -100.70000000 
 -1.77570000  61.06000000 -49.70000000 139.30000000 -101.50000000 
 -1.75870000  56.14000000 -52.15000000 140.20000000 -102.30000000 
 -1.74270000  60.67000000 -42.32000000 141.20000000 -103.00000000 
 -1.72570000  65.67000000 -42.42000000 142.20000000 -103.70000000 
 -1.70870000  78.63000000 -43.21000000 143.30000000 -104.50000000 
 -1.69270000  85.34000000 -37.61000000 144.70000000 -105.10000000 
 -1.67570000  94.17000000 -33.26000000 146.00000000 -105.70000000 
 -1.65870000  80.07000000 -52.16000000 147.40000000 -106.30000000 
 -1.64270000  71.90000000 -51.10000000 148.70000000 -107.20000000 
 -1.62570000  71.30000000 -54.63000000 149.80000000 -108.00000000 
 -1.60870000  89.80000000 -59.99000000 151.00000000 -109.00000000 
 -1.59270000  85.65000000 -66.50000000 152.40000000 -110.00000000 
 -1.57570000  69.52000000 -62.24000000 153.60000000 -110.90000000 
 -1.55870000  52.74000000 -53.77000000 154.60000000 -111.90000000 
 -1.54270000  37.30000000 -50.16000000 155.30000000 -112.70000000 
 -1.52570000  47.36000000 -59.65000000 155.90000000 -113.60000000 
 -1.50870000  46.02000000 -36.71000000 156.70000000 -114.30000000 
 -1.49270000  39.40000000 -32.43000000 157.40000000 -114.80000000 
 -1.47570000  35.88000000 -34.60000000 158.00000000 -115.40000000 
 -1.45870000  39.01000000 -28.31000000 158.70000000 -115.90000000 
 -1.44270000  33.50000000 -27.42000000 159.20000000 -116.40000000 
 -1.42570000  26.26000000 -25.40000000 159.70000000 -116.80000000 
 -1.40870000  12.66000000 -24.24000000 160.00000000 -117.20000000 
 -1.39270000  25.75000000 -23.71000000 160.30000000 -117.60000000 
 -1.37570000  35.65000000 -26.37000000 160.90000000 -118.10000000 
 -1.35870000  45.66000000 -23.23000000 161.50000000 -118.50000000 
 -1.34270000  60.01000000 -20.88000000 162.30000000 -118.80000000 
 -1.32570000  77.75000000 -22.16000000 163.50000000 -119.20000000 
 -1.30870000  86.29000000 -22.17000000 164.70000000 -119.60000000 
 -1.29270000  86.92000000 -21.21000000 166.00000000 -119.90000000 
 -1.27570000  91.64000000 -22.42000000 167.20000000 -120.30000000 
 -1.25870000  71.31000000 -25.77000000 168.40000000 -120.70000000 
 -1.24270000  58.11000000 -25.48000000 169.40000000 -121.10000000 
 -1.22570000  59.78000000 -24.67000000 170.40000000 -121.50000000 
 -1.20870000  67.70000000 -23.06000000 171.40000000 -121.90000000 
 -1.19270000  59.13000000 -27.82000000 172.40000000 -122.30000000 
 -1.17570000  60.57000000 -27.83000000 173.40000000 -122.80000000 
 -1.15870000  51.19000000 -27.37000000 174.30000000 -123.30000000 
 -1.14270000  47.66000000 -21.37000000 175.10000000 -123.60000000 
 -1.12570000  30.02000000 -17.53000000 175.80000000 -124.00000000 
 -1.10870000  41.81000000 -17.12000000 176.30000000 -124.30000000 
 -1.09270000  38.17000000 -20.68000000 177.00000000 -124.50000000 
 -1.07570000  39.94000000 -24.78000000 177.70000000 -124.90000000 
 -1.05870000  33.54000000 -22.45000000 178.30000000 -125.30000000 
 -1.04270000  29.30000000 -18.43000000 178.80000000 -125.70000000 
 -1.02570000  29.52000000 -15.47000000 179.30000000 -126.00000000 
 -1.00870000  28.72000000 -13.57000000 179.70000000 -126.20000000 
 -0.99270000  29.20000000 -18.26000000 180.20000000 -126.40000000 
 -0.97570000  31.76000000 -17.50000000 180.70000000 -126.70000000 
 -0.95870000  26.48000000 -19.36000000 181.20000000 -127.10000000 
 -0.94270000  25.77000000 -18.73000000 181.60000000 -127.40000000 
 -0.92570000  25.26000000 -15.33000000 182.10000000 -127.60000000 
 -0.90870000  24.54000000 -15.61000000 182.50000000 -127.90000000 
 -0.89270000  24.56000000 -16.11000000 182.90000000 -128.20000000 
 -0.87570000  24.78000000 -13.42000000 183.30000000 -128.40000000 
 -0.85870000  21.80000000 -13.60000000 183.70000000 -128.60000000 
 -0.84270000  20.42000000 -12.60000000 184.00000000 -128.80000000 
 -0.82570000  18.13000000 -14.44000000 184.30000000 -129.10000000 
 -0.80870000  16.82000000 -18.09000000 184.60000000 -129.30000000 
 -0.79270000  17.81000000 -17.21000000 184.90000000 -129.60000000 
 -0.77570000  19.59000000 -22.29000000 185.20000000 -129.90000000 
 -0.75870000  17.22000000 -17.21000000 185.50000000 -130.20000000 
 -0.74270000  16.48000000 -17.09000000 185.80000000 -130.50000000 
 -0.72570000  16.08000000 -18.07000000 186.10000000 -130.80000000 
 -0.70870000  15.98000000 -17.60000000 186.40000000 -131.10000000 
 -0.69270000  14.29000000 -18.18000000 186.60000000 -131.40000000 
 -0.67570000  13.65000000 -35.03000000 186.80000000 -131.80000000 
 -0.65870000  14.01000000 -36.56000000 187.10000000 -132.40000000 
 -0.64270000  13.04000000 -38.56000000 187.30000000 -133.00000000 
 -0.62570000  12.00000000 -31.94000000 187.50000000 -133.60000000 
 -0.60870000  10.99000000 -33.24000000 187.70000000 -134.10000000 
 -0.59270000  10.95000000 -32.33000000 187.90000000 -134.70000000 
 -0.57570000  10.14000000 -29.79000000 188.10000000 -135.20000000 
 -0.55870000   9.34200000 -33.14000000 188.20000000 -135.60000000 
 -0.54270000   8.72800000 -29.03000000 188.40000000 -136.20000000 
 -0.52570000   8.80600000 -36.92000000 188.50000000 -136.60000000 
 -0.50870000   9.20500000 -30.45000000 188.70000000 -137.20000000 
 -0.49270000   9.18800000 -20.93000000 188.80000000 -137.70000000 
 -0.47570000   9.05300000 -15.78000000 189.00000000 -137.90000000 
 -0.45870000   9.66300000 -41.51000000 189.10000000 -138.40000000 
 -0.44270000   9.06400000 -36.61000000 189.30000000 -139.00000000 
 -0.42570000   8.71300000 -32.80000000 189.40000000 -139.60000000 
 -0.40870000   9.14400000 -17.75000000 189.60000000 -140.00000000 
 -0.39270000   6.26300000 -20.59000000 189.70000000 -140.30000000 
 -0.37570000   6.10300000 -25.92000000 189.80000000 -140.60000000 
 -0.35870000   6.04900000 -22.21000000 189.90000000 -141.10000000 
 -0.34270000   5.79100000 -21.08000000 190.00000000 -141.40000000 
 -0.32570000   5.65600000 -20.43000000 190.10000000 -141.80000000 
 -0.30870000   5.43200000 -27.15000000 190.20000000 -142.10000000 
 -0.29270000   5.01400000 -18.97000000 190.20000000 -142.50000000 
 -0.27570000   6.64000000 -14.26000000 190.30000000 -142.80000000 
 -0.25870000   7.25400000 -13.44000000 190.50000000 -143.00000000 
 -0.24270000   5.35900000 -18.68000000 190.60000000 -143.30000000 
 -0.22570000   5.60900000 -14.61000000 190.70000000 -143.60000000 
 -0.20870000   5.08200000 -10.25000000 190.70000000 -143.80000000 
 -0.19270000   4.88500000  -4.98100000 190.80000000 -143.90000000 
 -0.17570000   4.74800000  -2.18900000 190.90000000 -144.00000000 
 -0.15870000   4.65400000  -0.94310000 191.00000000 -144.00000000 
 -0.14270000   4.61000000  -0.36730000 191.10000000 -144.00000000 
 -0.12570000   4.63600000  -1.03700000 191.10000000 -144.00000000 
 -0.10870000   6.25700000  -1.85400000 191.20000000 -144.00000000 
 -0.09270000   5.85400000  -2.35200000 191.30000000 -144.10000000 
 -0.07570000   5.98600000  -3.20300000 191.40000000 -144.10000000 
 -0.05870000   6.55900000 -14.36000000 191.50000000 -144.30000000 
 -0.04270000   6.65800000 -15.51000000 191.60000000 -144.50000000 
 -0.02570000   7.22400000 -23.20000000 191.80000000 -144.80000000 
 -0.00870000   7.04100000  -5.52500000 191.90000000 -145.00000000 
  0.00730000   7.03500000  -4.42600000 192.00000000 -145.10000000 
  0.02430000   7.35200000  -5.00100000 192.10000000 -145.20000000 
  0.04130000   7.55900000 -12.10000000 192.20000000 -145.30000000 
  0.05730000   7.45400000 -14.30000000 192.40000000 -145.50000000 
  0.07430000   7.77600000 -16.55000000 192.50000000 -145.80000000 
  0.09130000   8.20300000 -16.00000000 192.60000000 -146.10000000 
  0.10730000   9.42700000 -31.36000000 192.80000000 -146.40000000 
  0.12430000  10.46000000 -26.22000000 192.90000000 -146.80000000 
  0.14130000  11.20000000 -24.59000000 193.10000000 -147.20000000 
  0.15730000  12.43000000 -33.07000000 193.30000000 -147.70000000 
  0.17430000  14.54000000 -35.24000000 193.50000000 -148.20000000 
  0.19130000  15.99000000 -33.21000000 193.80000000 -148.80000000 
  0.20730000  15.88000000 -32.85000000 194.10000000 -149.30000000 
  0.22430000  16.82000000 -34.09000000 194.30000000 -149.90000000 
  0.24130000  16.10000000 -23.04000000 194.60000000 -150.30000000 
  0.25730000  15.15000000 -19.10000000 194.90000000 -150.70000000 
  0.27430000  14.29000000 -19.66000000 195.10000000 -151.00000000 
  0.29130000  13.69000000 -27.37000000 195.30000000 -151.40000000 
  0.30730000  13.05000000 -32.66000000 195.60000000 -151.90000000 
  0.32430000  11.55000000 -35.10000000 195.80000000 -152.40000000 
  0.34130000  11.02000000 -32.19000000 196.00000000 -153.00000000 
  0.35730000  11.77000000 -26.59000000 196.10000000 -153.50000000 
  0.37430000  13.41000000 -31.42000000 196.40000000 -153.90000000 
  0.39130000  13.38000000 -38.33000000 196.60000000 -154.50000000 
  0.40730000  12.81000000 -27.42000000 196.80000000 -155.00000000 
  0.42430000  11.43000000 -37.27000000 197.00000000 -155.60000000 
  0.44130000  11.07000000 -30.37000000 197.20000000 -156.10000000 
  0.45730000  10.35000000 -36.48000000 197.40000000 -156.70000000 
  0.47430000   9.41300000 -34.87000000 197.50000000 -157.30000000 
  0.49130000   8.71900000 -37.82000000 197.70000000 -157.90000000 
  0.50730000   8.61300000 -36.32000000 197.80000000 -158.40000000 
  0.52430000   8.48900000 -33.18000000 198.00000000 -159.10000000 
  0.54130000   8.63400000 -22.09000000 198.10000000 -159.50000000 
  0.55730000   8.92000000 -23.61000000 198.30000000 -159.90000000 
  0.57430000   9.27400000 -17.79000000 198.40000000 -160.20000000 
  0.59130000   9.77300000 -21.41000000 198.60000000 -160.50000000 
  0.60730000  11.92000000 -15.32000000 198.70000000 -160.80000000 
  0.62430000  11.90000000 -14.81000000 198.90000000 -161.10000000 
  0.64130000  12.04000000 -24.07000000 199.10000000 -161.40000000 
  0.65730000  11.59000000 -21.74000000 199.30000000 -161.80000000 
  0.67430000  11.32000000 -28.16000000 199.50000000 -162.20000000 
  0.69130000  11.05000000 -39.97000000 199.70000000 -162.70000000 
  0.70730000  10.60000000 -38.20000000 199.90000000 -163.40000000 
  0.72430000  10.19000000 -28.91000000 200.10000000 -163.90000000 
  0.74130000   9.59000000 -39.56000000 200.20000000 -164.50000000 
  0.75730000   8.85800000 -33.25000000 200.40000000 -165.10000000 
  0.77430000   9.85000000 -47.51000000 200.50000000 -165.80000000 
  0.79130000  11.70000000 -45.37000000 200.70000000 -166.40000000 
  0.80730000  11.29000000 -40.92000000 200.90000000 -167.20000000 
  0.82430000  11.58000000 -46.90000000 201.10000000 -167.80000000 
  0.84130000  11.21000000 -24.43000000 201.30000000 -168.30000000 
  0.85730000  10.77000000 -31.26000000 201.50000000 -168.70000000 
  0.87430000  11.72000000 -39.68000000 201.70000000 -169.30000000 
  0.89130000  10.38000000 -34.13000000 201.80000000 -169.90000000 
  0.90730000   9.87100000 -38.95000000 202.00000000 -170.50000000 
  0.92430000   9.53700000 -34.47000000 202.20000000 -171.10000000 
  0.94130000   9.48000000 -30.14000000 202.30000000 -171.60000000 
  0.95730000   9.36100000 -33.06000000 202.50000000 -172.10000000 
  0.97430000   9.10000000 -42.99000000 202.60000000 -172.70000000 
  0.99130000   8.95800000 -40.02000000 202.80000000 -173.40000000 
  1.00730000   9.19100000 -31.01000000 202.90000000 -173.90000000 
  1.02430000   9.81500000 -34.62000000 203.10000000 -174.40000000 
  1.04130000  10.30000000 -35.62000000 203.30000000 -175.00000000 
  1.05730000  10.79000000 -29.00000000 203.40000000 -175.50000000 
  1.07430000  11.48000000 -29.16000000 203.60000000 -176.00000000 
  1.09130000  14.65000000 -28.62000000 203.80000000 -176.40000000 
  1.10730000  12.16000000 -22.24000000 204.00000000 -176.90000000 
  1.12430000  11.24000000 -19.17000000 204.20000000 -177.30000000 
  1.14130000   9.97700000 -28.15000000 204.40000000 -177.50000000 
  1.15730000   9.23400000 -20.36000000 204.60000000 -178.00000000 
  1.17430000   8.96300000 -33.83000000 204.70000000 -178.40000000 
  1.19130000   8.67500000 -24.35000000 204.90000000 -178.90000000 
  1.20730000   9.10300000 -20.22000000 205.00000000 -179.30000000 
  1.22430000   8.16800000 -21.79000000 205.10000000 -179.60000000 
  1.24130000   7.91400000 -23.23000000 205.30000000 -180.00000000 
  1.25730000   7.40500000 -25.27000000 205.40000000 -180.40000000 
  1.27430000   7.38500000 -28.40000000 205.50000000 -180.80000000 
  1.29130000   7.19500000 -34.16000000 205.60000000 -181.30000000 
  1.30730000   7.17100000 -42.93000000 205.80000000 -182.00000000 
  1.32430000   7.81300000 -56.08000000 205.90000000 -182.70000000 
  1.34130000   8.40800000 -48.37000000 206.00000000 -183.50000000 
  1.35730000   8.23700000 -42.45000000 206.20000000 -184.30000000 
  1.37430000   7.12100000 -37.61000000 206.30000000 -184.90000000 
  1.39130000   6.57600000 -30.47000000 206.40000000 -185.50000000 
  1.40730000   7.64300000 -28.19000000 206.50000000 -186.00000000 
  1.42430000   7.82500000 -26.94000000 206.70000000 -186.40000000 
  1.44130000   8.10800000 -22.27000000 206.80000000 -186.80000000 
  1.45730000   8.66300000 -17.80000000 206.90000000 -187.20000000 
  1.47430000  10.65000000 -17.08000000 207.10000000 -187.40000000 
  1.49130000  10.65000000 -13.70000000 207.30000000 -187.70000000 
  1.50730000  10.65000000 -12.68000000 207.40000000 -187.90000000 
  1.52430000  10.76000000 -10.31000000 207.60000000 -188.10000000 
  1.54130000  10.96000000  -9.73800000 207.80000000 -188.30000000 
  1.55730000   9.81400000 -10.78000000 208.00000000 -188.50000000 
  1.57430000   9.37000000 -11.32000000 208.10000000 -188.60000000 
  1.59130000   8.51300000 -10.90000000 208.30000000 -188.80000000 
  1.60730000   7.89600000 -17.68000000 208.40000000 -189.00000000 
  1.62430000   8.11300000 -10.70000000 208.60000000 -189.20000000 
  1.64130000   8.06600000 -11.51000000 208.70000000 -189.40000000 
  1.65730000   8.76300000 -13.17000000 208.80000000 -189.60000000 
  1.67430000   8.38300000 -13.24000000 209.00000000 -189.80000000 
  1.69130000   7.93000000 -11.09000000 209.10000000 -190.00000000 
  1.70730000   8.23200000 -10.60000000 209.20000000 -190.20000000 
  1.72430000   8.15900000 -13.41000000 209.40000000 -190.40000000 
  1.74130000   9.11700000 -11.90000000 209.50000000 -190.60000000 
  1.75730000   9.55400000 -11.16000000 209.70000000 -190.80000000 
  1.77430000   9.49900000 -10.68000000 209.80000000 -191.00000000 
  1.79130000   8.39300000 -13.69000000 210.00000000 -191.20000000 
  1.80730000   8.78000000  -9.38300000 210.10000000 -191.40000000 
  1.82430000   8.75000000  -9.16300000 210.30000000 -191.50000000 
  1.84130000   9.24700000 -10.46000000 210.40000000 -191.70000000 
  1.85730000   9.42600000  -9.96500000 210.60000000 -191.80000000 
  1.87430000   9.91900000 -11.00000000 210.70000000 -192.00000000 
  1.89130000  10.09000000 -12.19000000 210.90000000 -192.20000000 
  1.90730000   9.40500000 -12.30000000 211.10000000 -192.40000000 
  1.92430000   9.09100000 -10.80000000 211.20000000 -192.60000000 
  1.94130000   9.55400000 -11.09000000 211.40000000 -192.80000000 
  1.95730000   8.65700000 -13.13000000 211.50000000 -193.00000000 
  1.97430000   8.42800000 -13.30000000 211.70000000 -193.20000000 
  1.99130000   8.18400000 -13.51000000 211.80000000 -193.40000000 
  2.00730000   8.14500000 -21.72000000 212.00000000 -193.70000000 
  2.02430000   8.46700000 -18.08000000 212.10000000 -194.00000000 
  2.04130000   8.79800000 -20.39000000 212.20000000 -194.30000000 
  2.05730000   9.33300000 -21.26000000 212.40000000 -194.70000000 
  2.07430000  10.21000000 -19.32000000 212.60000000 -195.00000000 
  2.09130000  10.36000000 -18.24000000 212.70000000 -195.30000000 
  2.10730000  10.20000000 -20.24000000 212.90000000 -195.70000000 
  2.12430000   9.51900000 -21.56000000 213.10000000 -196.00000000 
  2.14130000   8.78500000 -20.82000000 213.20000000 -196.40000000 
  2.15730000   8.41200000 -21.63000000 213.40000000 -196.70000000 
  2.17430000   8.23900000 -20.13000000 213.50000000 -197.10000000 
  2.19130000   7.96900000 -18.26000000 213.60000000 -197.40000000 
  2.20730000   7.37900000 -17.81000000 213.80000000 -197.70000000 
  2.22430000   7.12400000 -15.02000000 213.90000000 -198.00000000 
  2.24130000   7.02700000 -15.13000000 214.00000000 -198.20000000 
  2.25730000   7.17700000 -16.16000000 214.10000000 -198.50000000 
  2.27430000   7.31500000 -17.01000000 214.20000000 -198.80000000 
  2.29130000   7.23700000 -16.17000000 214.40000000 -199.00000000 
  2.30730000   7.17000000 -16.25000000 214.50000000 -199.30000000 
  2.32430000   7.22100000 -18.43000000 214.60000000 -199.60000000 
  2.34130000   6.76700000 -18.72000000 214.70000000 -199.90000000 
  2.35730000   6.86900000 -19.25000000 214.80000000 -200.20000000 
  2.37430000   7.12800000 -19.07000000 214.90000000 -200.50000000 
  2.39130000   7.41600000 -17.95000000 215.10000000 -200.80000000 
  2.40730000   7.59000000 -17.51000000 215.20000000 -201.10000000 
  2.42430000   7.50500000 -18.54000000 215.30000000 -201.40000000 
  2.44130000   7.49700000 -19.62000000 215.40000000 -201.70000000 
  2.45730000   7.60200000 -19.65000000 215.60000000 -202.10000000 
  2.47430000   7.57800000 -20.27000000 215.70000000 -202.40000000 
  2.49130000   7.55200000 -19.90000000 215.80000000 -202.70000000 
  2.50730000   7.54000000 -19.00000000 215.90000000 -203.10000000 
  2.52430000   7.50700000 -20.23000000 216.10000000 -203.40000000 
  2.54130000   7.65100000 -18.29000000 216.20000000 -203.70000000 
  2.55730000   7.64300000 -15.52000000 216.30000000 -204.00000000 
  2.57430000   7.85500000 -20.67000000 216.50000000 -204.30000000 
  2.59130000   8.01800000 -16.66000000 216.60000000 -204.60000000 
  2.60730000   8.22900000 -18.36000000 216.70000000 -204.90000000 
  2.62430000   8.26900000 -18.82000000 216.90000000 -205.20000000 
  2.64130000   8.38300000 -16.06000000 217.00000000 -205.50000000 
  2.65730000   8.54900000 -16.64000000 217.10000000 -205.70000000 
  2.67430000   9.02600000 -20.06000000 217.30000000 -206.00000000 
  2.69130000   9.73600000 -18.76000000 217.40000000 -206.40000000 
  2.70730000  10.01000000 -16.21000000 217.60000000 -206.70000000 
  2.72430000  10.46000000 -13.16000000 217.80000000 -206.90000000 
  2.74130000   9.70400000 -13.48000000 217.90000000 -207.10000000 
  2.75730000   8.85400000 -13.79000000 218.10000000 -207.40000000 
  2.77430000   8.71600000 -13.59000000 218.20000000 -207.60000000 
  2.79130000   8.77300000 -15.26000000 218.40000000 -207.80000000 
  2.80730000   8.62200000 -15.67000000 218.50000000 -208.10000000 
  2.82430000   8.44100000 -14.19000000 218.70000000 -208.30000000 
  2.84130000   8.37400000 -14.28000000 218.80000000 -208.60000000 
  2.85730000   8.39100000 -12.89000000 219.00000000 -208.80000000 
  2.87430000   8.38200000 -13.88000000 219.10000000 -209.00000000 
  2.89130000   8.24800000 -12.46000000 219.20000000 -209.20000000 
  2.90730000   8.18300000 -13.56000000 219.40000000 -209.40000000 
  2.92430000   8.14800000 -12.69000000 219.50000000 -209.70000000 
  2.94130000   8.30200000 -12.19000000 219.60000000 -209.90000000 
  2.95730000   8.09100000 -11.06000000 219.80000000 -210.10000000 
  2.97430000   7.60400000 -11.22000000 219.90000000 -210.20000000 
  2.99130000   7.24800000 -10.65000000 220.00000000 -210.40000000 
  3.00730000   7.14200000 -15.37000000 220.20000000 -210.60000000 
  3.02430000   7.04200000 -14.33000000 220.30000000 -210.80000000 
  3.04130000   6.93500000 -15.27000000 220.40000000 -211.10000000 
  3.05730000   6.94800000 -14.33000000 220.50000000 -211.30000000 
  3.07430000   6.94700000 -18.23000000 220.60000000 -211.60000000 
  3.09130000   6.87100000 -14.50000000 220.70000000 -211.90000000 
  3.10730000   6.86200000 -15.02000000 220.90000000 -212.10000000 
  3.12430000   6.84400000 -10.47000000 221.00000000 -212.30000000 
  3.14130000   7.28900000 -11.22000000 221.10000000 -212.50000000 
  3.15730000   8.01700000 -11.61000000 221.20000000 -212.70000000 
  3.17430000   6.73700000 -11.90000000 221.30000000 -212.90000000 
  3.19130000   6.57400000 -12.70000000 221.50000000 -213.10000000 
  3.20730000   6.65500000 -10.89000000 221.60000000 -213.30000000 
  3.22430000   6.49700000 -10.49000000 221.70000000 -213.40000000 
  3.24130000   6.24500000 -10.64000000 221.80000000 -213.60000000 
  3.25730000   6.00500000 -10.85000000 221.90000000 -213.80000000 
  3.27430000   5.96900000 -11.19000000 222.00000000 -214.00000000 
  3.29130000   5.98200000 -11.11000000 222.10000000 -214.20000000 
  3.30730000   5.95900000 -10.69000000 222.20000000 -214.40000000 
  3.32430000   5.82600000 -10.46000000 222.30000000 -214.50000000 
  3.34130000   5.68400000  -9.87500000 222.40000000 -214.70000000 
  3.35730000   5.43900000  -9.26900000 222.50000000 -214.90000000 
  3.37430000   5.00800000  -9.58700000 222.60000000 -215.00000000 
  3.39130000   4.52100000  -9.96200000 222.60000000 -215.20000000 
  3.40730000   4.66200000 -10.11000000 222.70000000 -215.30000000 
  3.42430000   4.66900000 -10.53000000 222.80000000 -215.50000000 
  3.44130000   4.66400000 -10.03000000 222.90000000 -215.70000000 
  3.45730000   4.62300000 -10.17000000 222.90000000 -215.90000000 
  3.47430000   4.58400000 -10.35000000 223.00000000 -216.00000000 
  3.49130000   4.56600000 -10.28000000 223.10000000 -216.20000000 
  3.50730000   4.47800000 -10.26000000 223.20000000 -216.40000000 
  3.52430000   4.32900000 -10.26000000 223.20000000 -216.50000000 
  3.54130000   4.13500000  -9.80900000 223.30000000 -216.70000000 
  3.55730000   4.68000000  -9.72800000 223.40000000 -216.90000000 
  3.57430000   4.72700000  -9.95200000 223.50000000 -217.00000000 
  3.59130000   4.52400000  -9.92400000 223.50000000 -217.20000000 
  3.60730000   4.63200000 -10.53000000 223.60000000 -217.40000000 
  3.62430000   4.62800000 -10.80000000 223.70000000 -217.60000000 
  3.64130000   4.74200000 -11.33000000 223.80000000 -217.70000000 
  3.65730000   4.89900000 -11.38000000 223.90000000 -217.90000000 
  3.67430000   5.03200000 -11.36000000 223.90000000 -218.10000000 
  3.69130000   5.15500000 -11.15000000 224.00000000 -218.30000000 
  3.70730000   5.32000000 -11.10000000 224.10000000 -218.50000000 
  3.72430000   5.56400000 -10.93000000 224.20000000 -218.70000000 
  3.74130000   5.76700000 -10.71000000 224.30000000 -218.90000000 
  3.75730000   5.92400000 -10.23000000 224.40000000 -219.00000000 
  3.77430000   5.97000000  -9.78200000 224.50000000 -219.20000000 
  3.79130000   5.96500000  -9.69600000 224.60000000 -219.40000000 
  3.80730000   6.03500000 -10.24000000 224.70000000 -219.50000000 
  3.82430000   6.24600000 -11.56000000 224.80000000 -219.70000000 
  3.84130000   6.44200000 -12.38000000 224.90000000 -219.90000000 
  3.85730000   6.61600000 -12.68000000 225.00000000 -220.10000000 
  3.87430000   6.58100000 -11.97000000 225.10000000 -220.30000000 
  3.89130000   6.55100000 -11.55000000 225.20000000 -220.50000000 
  3.90730000   6.39900000 -11.92000000 225.30000000 -220.70000000 
  3.92430000   6.28000000 -10.95000000 225.40000000 -220.90000000 
  3.94130000   6.17800000 -10.41000000 225.60000000 -221.10000000 
  3.95730000   6.10100000 -10.03000000 225.70000000 -221.20000000 
  3.97430000   6.10700000 -10.10000000 225.80000000 -221.40000000 
  3.99130000   6.04800000  -9.71400000 225.90000000 -221.60000000 
  4.00730000   5.87500000 -10.84000000 226.00000000 -221.70000000 
  4.02430000   5.95200000  -8.20700000 226.10000000 -221.90000000 
  4.04130000   5.83200000  -7.82000000 226.20000000 -222.00000000 
  4.05730000   5.40600000  -7.55800000 226.20000000 -222.10000000 
  4.07430000   5.34500000  -7.34400000 226.30000000 -222.30000000 
  4.09130000   5.38300000  -7.30800000 226.40000000 -222.40000000 
  4.10730000   5.44400000  -7.00200000 226.50000000 -222.50000000 
  4.12430000   5.45500000  -6.54900000 226.60000000 -222.60000000 
  4.14130000   5.48900000  -6.43100000 226.70000000 -222.70000000 
  4.15730000   5.64500000  -6.51700000 226.80000000 -222.80000000 
  4.17430000   5.71200000  -7.59600000 226.90000000 -223.00000000 
  4.19130000   6.21400000  -8.15600000 227.00000000 -223.10000000 
  4.20730000   6.09000000  -7.19800000 227.10000000 -223.20000000 
  4.22430000   5.91800000  -6.08200000 227.20000000 -223.30000000 
  4.24130000   5.86200000  -5.40500000 227.30000000 -223.40000000 
  4.25730000   5.46700000  -5.06200000 227.40000000 -223.50000000 
  4.27430000   5.24900000  -4.92400000 227.50000000 -223.60000000 
  4.29130000   5.11800000  -5.19300000 227.60000000 -223.70000000 
  4.30730000   5.64700000  -5.75600000 227.60000000 -223.80000000 
  4.32430000   6.01600000  -6.07800000 227.70000000 -223.90000000 
  4.34130000   6.49500000  -6.54000000 227.80000000 -224.00000000 
  4.35730000   6.86800000  -6.28000000 228.00000000 -224.10000000 
  4.37430000   7.19700000  -5.97200000 228.10000000 -224.20000000 
  4.39130000   7.10600000  -5.77400000 228.20000000 -224.30000000 
  4.40730000   7.15900000  -5.65800000 228.30000000 -224.40000000 
  4.42430000   7.20700000  -5.43900000 228.40000000 -224.50000000 
  4.44130000   7.25600000  -5.19800000 228.60000000 -224.60000000 
  4.45730000   7.38100000  -5.18200000 228.70000000 -224.60000000 
  4.47430000   7.32200000  -5.42600000 228.80000000 -224.70000000 
  4.49130000   7.30700000  -5.44700000 228.90000000 -224.80000000 
  4.50730000   7.16400000  -5.40300000 229.00000000 -224.90000000 
  4.52430000   6.94600000  -5.33300000 229.20000000 -225.00000000 
  4.54130000   6.72100000  -5.26600000 229.30000000 -225.10000000 
  4.55730000   6.54000000  -5.24800000 229.40000000 -225.20000000 
  4.57430000   6.30600000  -5.22800000 229.50000000 -225.30000000 
  4.59130000   5.97800000  -5.14500000 229.60000000 -225.40000000 
  4.60730000   5.86300000  -5.19100000 229.70000000 -225.40000000 
  4.62430000   5.87400000  -5.29000000 229.80000000 -225.50000000 
  4.64130000   6.00900000  -5.27500000 229.90000000 -225.60000000 
  4.65730000   6.19900000  -5.42900000 230.00000000 -225.70000000 
  4.67430000   7.25100000  -5.64500000 230.10000000 -225.80000000 
  4.69130000   6.61000000  -5.88000000 230.20000000 -225.90000000 
  4.70730000   6.85600000  -6.14400000 230.30000000 -226.00000000 
  4.72430000   6.99400000  -6.36500000 230.40000000 -226.10000000 
  4.74130000   7.04400000  -6.43000000 230.60000000 -226.20000000 
  4.75730000   7.20700000  -6.35800000 230.70000000 -226.30000000 
  4.77430000   7.29100000  -6.29500000 230.80000000 -226.40000000 
  4.79130000   7.33900000  -6.38400000 230.90000000 -226.50000000 
  4.80730000   7.61100000  -6.50800000 231.00000000 -226.60000000 
  4.82430000   7.77200000  -6.75400000 231.20000000 -226.70000000 
  4.84130000   7.52000000  -7.09700000 231.30000000 -226.90000000 
  4.85730000   8.28100000  -8.06800000 231.40000000 -227.00000000 
  4.87430000   7.41500000  -6.97900000 231.60000000 -227.10000000 
  4.89130000   6.88600000  -6.94200000 231.70000000 -227.20000000 
  4.90730000   6.34800000  -6.85000000 231.80000000 -227.30000000 
  4.92430000   6.01300000  -7.12300000 231.90000000 -227.40000000 
  4.94130000   5.83900000  -7.37700000 232.00000000 -227.60000000 
  4.95730000   5.71100000  -7.21500000 232.10000000 -227.70000000 
  4.97430000   5.57500000  -7.50000000 232.20000000 -227.80000000 
  4.99130000   5.57000000  -8.07900000 232.30000000 -227.90000000 
  5.00730000   6.11000000  -9.40200000 232.40000000 -228.10000000 
  5.02430000   6.45400000  -9.45800000 232.50000000 -228.20000000 
  5.04130000   6.75800000  -9.13500000 232.60000000 -228.40000000 
  5.05730000   7.54500000  -8.80900000 232.70000000 -228.50000000 
  5.07430000   7.20400000  -8.99600000 232.80000000 -228.70000000 
  5.09130000   7.17700000  -8.52400000 232.90000000 -228.80000000 
  5.10730000   7.44400000  -8.21900000 233.10000000 -229.00000000 
  5.12430000   7.57600000  -7.82800000 233.20000000 -229.10000000 
  5.14130000   7.83600000  -7.54500000 233.30000000 -229.20000000 
  5.15730000   8.17000000  -7.23200000 233.50000000 -229.40000000 
  5.17430000   8.70800000  -6.97900000 233.60000000 -229.50000000 
  5.19130000   9.20300000  -7.00800000 233.70000000 -229.60000000 
  5.20730000   9.48400000  -6.83200000 233.90000000 -229.70000000 
  5.22430000   9.57300000  -6.54800000 234.10000000 -229.80000000 
  5.24130000   9.33400000  -6.64200000 234.20000000 -229.90000000 
  5.25730000   9.23100000  -6.86700000 234.40000000 -230.10000000 
  5.27430000   9.04600000  -6.88500000 234.50000000 -230.20000000 
  5.29130000   8.72000000  -7.17300000 234.70000000 -230.30000000 
  5.30730000   8.22900000  -7.81200000 234.80000000 -230.40000000 
  5.32430000   7.88800000  -8.25600000 234.90000000 -230.50000000 
  5.34130000   7.79200000  -8.58100000 235.10000000 -230.70000000 
  5.35730000   7.70100000  -9.22500000 235.20000000 -230.80000000 
  5.37430000   7.66300000  -9.34500000 235.30000000 -231.00000000 
  5.39130000   7.66600000  -9.30100000 235.50000000 -231.10000000 
  5.40730000   7.74200000  -9.13000000 235.60000000 -231.30000000 
  5.42430000   7.87000000  -8.90700000 235.70000000 -231.40000000 
  5.44130000   7.97100000  -8.52600000 235.90000000 -231.60000000 
  5.45730000   8.27600000  -7.94800000 236.00000000 -231.70000000 
  5.47430000   8.47700000  -7.31600000 236.10000000 -231.90000000 
  5.49130000   9.10500000  -6.60800000 236.30000000 -232.00000000 
  5.50730000   9.31400000  -6.40600000 236.40000000 -232.10000000 
  5.52430000   8.93100000  -5.96800000 236.60000000 -232.20000000 
  5.54130000   8.46100000  -5.63500000 236.70000000 -232.30000000 
  5.55730000   8.24500000  -5.68200000 236.90000000 -232.40000000 
  5.57430000   7.59700000  -6.16800000 237.00000000 -232.50000000 
  5.59130000   7.63500000  -6.50000000 237.10000000 -232.60000000 
  5.60730000   7.67700000  -7.07400000 237.30000000 -232.70000000 
  5.62430000   7.71400000  -7.71200000 237.40000000 -232.80000000 
  5.64130000   7.78800000  -8.17200000 237.50000000 -232.90000000 
  5.65730000   8.50900000  -8.59500000 237.60000000 -233.10000000 
  5.67430000   8.77100000  -9.08700000 237.80000000 -233.20000000 
  5.69130000   8.79600000  -9.45700000 237.90000000 -233.40000000 
  5.70730000   8.85400000  -9.75600000 238.10000000 -233.50000000 
  5.72430000   8.89400000 -10.21000000 238.20000000 -233.70000000 
  5.74130000   8.94000000 -10.01000000 238.40000000 -233.90000000 
  5.75730000   8.82200000  -9.60700000 238.50000000 -234.00000000 
  5.77430000   8.81500000  -9.66500000 238.70000000 -234.20000000 
  5.79130000   8.98600000  -9.91100000 238.80000000 -234.40000000 
  5.80730000   9.05000000 -10.16000000 239.00000000 -234.50000000 
  5.82430000   9.20700000 -10.18000000 239.10000000 -234.70000000 
  5.84130000  10.64000000 -10.03000000 239.30000000 -234.90000000 
  5.85730000  10.46000000 -10.10000000 239.50000000 -235.00000000 
  5.87430000  11.83000000  -9.97800000 239.60000000 -235.20000000 
  5.89130000  11.75000000  -9.97800000 239.80000000 -235.40000000 
  5.90730000  10.52000000 -10.03000000 240.00000000 -235.50000000 
  5.92430000  10.25000000  -9.73100000 240.20000000 -235.70000000 
  5.94130000   9.98500000  -9.56600000 240.40000000 -235.90000000 
  5.95730000  10.12000000  -9.21200000 240.50000000 -236.00000000 
  5.97430000  10.30000000  -9.06400000 240.70000000 -236.20000000 
  5.99130000  10.22000000  -8.98600000 240.90000000 -236.30000000 
  6.00730000  10.13000000  -9.10700000 241.00000000 -236.50000000 
  6.02430000   9.93900000  -9.49200000 241.20000000 -236.60000000 
  6.04130000   9.90800000  -9.54700000 241.40000000 -236.80000000 
  6.05730000   9.70700000  -9.57100000 241.50000000 -236.90000000 
  6.07430000   9.80600000  -9.14000000 241.70000000 -237.10000000 
  6.09130000   9.84100000  -8.41200000 241.90000000 -237.20000000 
  6.10730000   9.61900000  -8.13300000 242.00000000 -237.40000000 
  6.12430000   9.37300000  -8.16600000 242.20000000 -237.50000000 
  6.14130000   9.27400000  -8.17200000 242.30000000 -237.70000000 
  6.15730000   9.08100000  -8.41800000 242.50000000 -237.80000000 
  6.17430000   8.55200000  -8.79300000 242.60000000 -237.90000000 
  6.19130000   8.49600000  -9.52900000 242.80000000 -238.10000000 
  6.20730000   8.52000000 -10.12000000 242.90000000 -238.30000000 
  6.22430000   8.65700000 -10.46000000 243.10000000 -238.40000000 
  6.24130000   9.13900000  -9.89300000 243.20000000 -238.60000000 
  6.25730000   9.56800000 -10.03000000 243.40000000 -238.80000000 
  6.27430000   9.96500000 -10.22000000 243.50000000 -238.90000000 
  6.29130000  10.38000000 -10.42000000 243.70000000 -239.10000000 
  6.30730000  10.53000000 -11.08000000 243.90000000 -239.30000000 
  6.32430000  10.78000000 -11.18000000 244.10000000 -239.50000000 
  6.34130000  11.30000000 -11.44000000 244.20000000 -239.70000000 
  6.35730000  11.30000000 -11.77000000 244.40000000 -239.90000000 
  6.37430000  11.70000000 -11.60000000 244.60000000 -240.10000000 
  6.39130000  11.56000000 -10.99000000 244.80000000 -240.20000000 
  6.40730000  11.22000000 -10.38000000 245.00000000 -240.40000000 
  6.42430000  10.82000000  -9.93000000 245.20000000 -240.60000000 
  6.44130000  10.43000000  -9.94300000 245.40000000 -240.80000000 
  6.45730000  10.07000000 -10.54000000 245.50000000 -240.90000000 
  6.47430000  10.15000000 -11.33000000 245.70000000 -241.10000000 
  6.49130000  10.43000000 -10.86000000 245.90000000 -241.30000000 
  6.50730000  11.41000000 -10.58000000 246.10000000 -241.50000000 
  6.52430000  12.37000000 -10.37000000 246.30000000 -241.60000000 
  6.54130000  12.50000000 -10.15000000 246.50000000 -241.80000000 
  6.55730000  11.90000000 -10.16000000 246.70000000 -242.00000000 
  6.57430000  11.74000000 -10.11000000 246.90000000 -242.20000000 
  6.59130000  11.67000000  -9.96500000 247.10000000 -242.30000000 
  6.60730000  11.28000000  -9.97900000 247.20000000 -242.50000000 
  6.62430000  10.87000000 -10.71000000 247.40000000 -242.70000000 
  6.64130000  10.85000000 -10.97000000 247.60000000 -242.80000000 
  6.65730000  11.31000000 -10.39000000 247.80000000 -243.00000000 
  6.67430000  11.28000000 -10.46000000 248.00000000 -243.20000000 
  6.69130000  11.00000000  -9.65700000 248.20000000 -243.40000000 
  6.70730000  11.38000000  -9.66700000 248.40000000 -243.50000000 
  6.72430000  10.98000000 -10.70000000 248.50000000 -243.70000000 
  6.74130000  10.83000000 -11.25000000 248.70000000 -243.90000000 
  6.75730000  10.57000000 -11.93000000 248.90000000 -244.10000000 
  6.77430000  10.31000000 -13.01000000 249.10000000 -244.30000000 
  6.79130000  10.21000000 -12.44000000 249.30000000 -244.50000000 
  6.80730000  10.20000000 -12.78000000 249.40000000 -244.70000000 
  6.82430000  10.41000000 -13.46000000 249.60000000 -244.90000000 
  6.84130000  10.36000000 -12.27000000 249.80000000 -245.10000000 
  6.85730000  10.52000000 -11.47000000 249.90000000 -245.30000000 
  6.87430000  10.73000000 -11.77000000 250.10000000 -245.50000000 
  6.89130000  11.00000000 -11.55000000 250.30000000 -245.70000000 
  6.90730000  10.58000000 -12.07000000 250.50000000 -245.90000000 
  6.92430000  10.68000000 -11.88000000 250.70000000 -246.10000000 
  6.94130000  10.91000000 -11.53000000 250.80000000 -246.30000000 
  6.95730000  11.89000000 -11.27000000 251.00000000 -246.50000000 
  6.97430000  11.26000000 -11.10000000 251.20000000 -246.70000000 
  6.99130000  11.57000000 -11.04000000 251.40000000 -246.90000000 
  7.00730000  10.80000000 -10.71000000 251.60000000 -247.10000000 
  7.02430000  10.40000000 -10.63000000 251.80000000 -247.20000000 
  7.04130000  10.14000000 -11.14000000 251.90000000 -247.40000000 
  7.05730000   9.98300000 -11.95000000 252.10000000 -247.60000000 
  7.07430000   9.80800000 -12.41000000 252.30000000 -247.80000000 
  7.09130000   9.73500000 -12.68000000 252.40000000 -248.00000000 
  7.10730000   9.76100000 -12.33000000 252.60000000 -248.20000000 
  7.12430000   9.77600000 -12.05000000 252.80000000 -248.40000000 
  7.14130000  10.21000000 -11.82000000 252.90000000 -248.60000000 
  7.15730000   9.94000000 -11.69000000 253.10000000 -248.80000000 
  7.17430000   9.42800000 -11.57000000 253.30000000 -249.00000000 
  7.19130000   9.51400000 -10.84000000 253.40000000 -249.20000000 
  7.20730000   9.92000000 -10.81000000 253.60000000 -249.40000000 
  7.22430000  10.40000000 -10.89000000 253.70000000 -249.60000000 
  7.24130000  10.51000000 -11.09000000 253.90000000 -249.70000000 
  7.25730000  10.76000000 -11.40000000 254.10000000 -249.90000000 
  7.27430000  10.92000000 -11.02000000 254.30000000 -250.10000000 
  7.29130000  11.12000000 -11.07000000 254.50000000 -250.30000000 
  7.30730000  11.56000000 -11.10000000 254.70000000 -250.50000000 
  7.32430000  11.72000000 -11.01000000 254.80000000 -250.70000000 
  7.34130000  10.89000000 -10.98000000 255.00000000 -250.90000000 
  7.35730000  10.17000000 -11.05000000 255.20000000 -251.00000000 
  7.37430000   9.88100000 -11.26000000 255.40000000 -251.20000000 
  7.39130000   9.86300000 -11.32000000 255.50000000 -251.40000000 
  7.40730000   9.73400000 -11.20000000 255.70000000 -251.60000000 
  7.42430000   9.77100000 -10.96000000 255.90000000 -251.80000000 
  7.44130000   9.75300000 -10.81000000 256.00000000 -252.00000000 
  7.45730000   9.72800000 -10.91000000 256.20000000 -252.10000000 
  7.47430000   9.80000000 -11.04000000 256.40000000 -252.30000000 
  7.49130000   9.85100000 -11.37000000 256.50000000 -252.50000000 
  7.50730000  10.45000000 -11.76000000 256.70000000 -252.70000000 
  7.52430000   9.90900000 -11.46000000 256.90000000 -252.90000000 
  7.54130000   9.82500000 -11.07000000 257.00000000 -253.10000000 
  7.55730000   9.75400000 -10.79000000 257.20000000 -253.30000000 
  7.57430000   9.68800000 -10.83000000 257.30000000 -253.50000000 
  7.59130000   9.94700000 -10.80000000 257.50000000 -253.60000000 
  7.60730000  11.03000000 -10.90000000 257.70000000 -253.80000000 
  7.62430000   9.51600000 -10.97000000 257.80000000 -254.00000000 
  7.64130000   9.47000000 -11.00000000 258.00000000 -254.20000000 
  7.65730000   9.50600000 -10.86000000 258.20000000 -254.40000000 
  7.67430000   9.27500000 -10.85000000 258.30000000 -254.50000000 
